6.442537148294079
6.32806193003837
-4.267268293883577
-2.785792625247967
-2.723798085239004
5.66764351024219
5.089350017521587
-2.693756011660242
-1.4511102733711763
2.366555058145263
9.136271858918548
8.581565562794829
0.6202955765763978
-9.87747447383591
2.413273313208217
-6.98362826932347
-1.429817015755388
-9.152667923083806
-1.0533017960691495
0.02451766845680048
1.9009165879997596
-5.403534605873892
-1.9785653412128354
1.1387534090114464
0.7014303245199613
-2.2846428066350244
2.996595031536769
-7.817758219424846
-2.8840134303190617
6.884787194254773
4.9282235445319085
-0.573395250669769
6.450728008801722
2.1609618435280176
-7.227657228837447
6.478902641217999
-3.723007402000242
-3.864717462395224
-1.1621205843897808
7.9806810521381415
4.283985098381171
5.045470203669598
-9.255261749504506
7.597249794400195
1.8089578015417196
-3.474191859683091
5.897057656273169
9.610250994806727
4.711506687459789
1.5602954877693307
-1.986814763114996
-8.046938808471351
-9.111372991852287
-3.776452648491057
-2.820364966297939
7.592967826403868
-1.9303798601680704
-6.714397927246097
-6.505351309680134
-0.1343530288351591
-2.8346315294722935
-8.244559705168049
5.021212545720019
-3.582160788569551
-8.105322921476185
-8.176197999691661
-6.641561959745754
-1.5354908236818083
-1.8279167723635865
-4.346836698053318
6.2373277510329
-8.42295660453344
3.8925198576582005
-8.688912070738446
0.370609518064402
-7.524935664460282
9.345191555072791
-8.437553759085104
-3.2026219661397803
9.217179715912096
5.695654321322774
-9.22504500392293
-1.1520728848593542
-2.9663921050828606
1.8055219617036418
9.635379286755185
7.891869496261897
-4.049117131071642
-3.4547009959777375
-3.3486965905602606
4.866415833468869
-6.061216128092455
-5.260080338284037
0.013746142689488039
-6.709782190881077
-0.3284668139543392
-7.438685701669849
9.199391050941667
-9.603042088621127
3.007998682004862
