5 1.27273 4.36364 5.63636 7.09091 3.72727
2.90909 4.72727 8.54545 1 1.54545 7.54545
7.54545 1.18182 5.54545 6.27273 4 3.54545
7 3.09091 3.09091 0.181818 8.45455 2.18182
2.27273 2.54545 4.45455 8.36364 0.272727 0.727273
4 7.90909 5.72727 5.63636 2.09091 8.90909
8.18182 1.81818 0.545455 7.18182 2.90909 2.72727
6.63636 8.27273 3.72727 3.27273 0 8.45455
5.72727 8.72727 1.54545 5.09091 2.72727 7.36364
3.36364 5.09091 3.18182 8.18182 6.27273 3.18182
2.90909 4.90909 7.90909 5.54545 7.36364 9
1.90909 7 4.27273 4.90909 9 3.27273
8.45455 0.636364 7.72727 1.09091 6.09091 1.45455
5.90909 4.81818 2.45455 5.36364 8.90909 8.54545
2.09091 0.636364 5.36364 1.72727 6.81818 1.18182
4.27273 6.18182 7.18182 7.54545 7.36364 7.81818
4.63636 4.45455 7.63636 8.72727 6.45455 8.54545
2.09091 9 0.818182 1.54545 5 6.36364
4.45455 7.18182 5.63636 4.63636 0.545455 8.72727
5.09091 1.45455 4.63636 1.63636 1 2.09091
8.90909 0 7.09091 7.27273 6.81818 4.81818
7 2.72727 5.27273 3.72727 7.81818 1.54545
8.45455 3.63636 5.63636 3.36364 8.36364 1.81818
2.72727 7.81818 5.72727 4.09091 6.36364 9
0.181818 5.72727 8.09091 3.72727 8.63636 7.63636
7 0.909091 7.90909 2.18182 0.181818 7.81818
3.90909 1.54545 7.45455 1.90909 4.72727 1.09091
3 5.90909 8.90909 3.45455 1.72727 0.909091
4.72727 1.54545 6.18182 2.36364 5.54545 0.454545
3.54545 8.54545 3.63636 9 4.36364 1.81818
5.27273 7.18182 7.18182 6.27273 6.45455 5.81818
0.545455 1.09091 8.81818 0.363636 1.45455 8.90909
7.18182 0 3.63636 7.54545 4.45455 5.90909
4.63636 1.18182 2.63636 7.63636 5.63636 2.63636
5.45455 3.09091 1.09091 0.0909091 1.09091 2.90909
3.27273 8.36364 1.36364 4 7.45455 5.45455
0.545455 0.909091 6.54545 2 5.63636 5.63636
6.27273 8.90909 0.272727 3.09091 1.45455 5.54545
1.90909 2.27273 0.181818 2.18182 8.45455 4.09091
7.45455 1.63636 0.181818 7.18182 4.63636 6.63636
8.45455 5.18182 6.81818 4.72727 7 2.45455
0.909091 5.54545 8.45455 7.18182 6.72727 6.09091
0.545455 4.09091 8.54545 6.09091 6.18182 5.72727
0.181818 4.90909 0.727273 2.90909 7.81818 4.45455
5.45455 4.72727 2 0.0909091 1.72727 6.63636
7.09091 6.36364 7.90909 7.90909 3.54545 7.81818
0 6 8.09091 5.54545 2.54545 3.81818
7.72727 3.27273 7.36364 4.09091 4.45455 7.27273
8.72727 2.81818 7.45455 2.90909 8 1.36364
6.36364 8.63636 0.272727 4.81818 2.81818 4.36364
