0.670732 0.170732 0.585366 0.756098 0.95122 0.5
0.390244 0.634146 1.14634 0.134146 0.207317 1.0122
1.0122 0.158537 0.743902 0.841463 0.536585 0.47561
0.939024 0.414634 0.414634 0.0243902 1.13415 0.292683
0.304878 0.341463 0.597561 1.12195 0.0365854 0.097561
0.536585 1.06098 0.768293 0.756098 0.280488 1.19512
1.09756 0.243902 0.0731707 0.963415 0.390244 0.365854
0.890244 1.10976 0.5 0.439024 0 1.13415
0.768293 1.17073 0.207317 0.682927 0.365854 0.987805
0.45122 0.682927 0.426829 1.09756 0.841463 0.426829
0.390244 0.658537 1.06098 0.743902 0.987805 1.20732
0.256098 0.939024 0.573171 0.658537 1.20732 0.439024
1.13415 0.0853659 1.03659 0.146341 0.817073 0.195122
0.792683 0.646341 0.329268 0.719512 1.19512 1.14634
0.280488 0.0853659 0.719512 0.231707 0.914634 0.158537
0.573171 0.829268 0.963415 1.0122 0.987805 1.04878
0.621951 0.597561 1.02439 1.17073 0.865854 1.14634
0.280488 1.20732 0.109756 0.207317 0.670732 0.853659
0.597561 0.963415 0.756098 0.621951 0.0731707 1.17073
0.682927 0.195122 0.621951 0.219512 0.134146 0.280488
1.19512 0 0.95122 0.97561 0.914634 0.646341
0.939024 0.365854 0.707317 0.5 1.04878 0.207317
1.13415 0.487805 0.756098 0.45122 1.12195 0.243902
0.365854 1.04878 0.768293 0.54878 0.853659 1.20732
0.0243902 0.768293 1.08537 0.5 1.15854 1.02439
0.939024 0.121951 1.06098 0.292683 0.0243902 1.04878
0.52439 0.207317 1 0.256098 0.634146 0.146341
0.402439 0.792683 1.19512 0.463415 0.231707 0.121951
0.634146 0.207317 0.829268 0.317073 0.743902 0.0609756
0.47561 1.14634 0.487805 1.20732 0.585366 0.243902
0.707317 0.963415 0.963415 0.841463 0.865854 0.780488
0.0731707 0.146341 1.18293 0.0487805 0.195122 1.19512
0.963415 0 0.487805 1.0122 0.597561 0.792683
0.621951 0.158537 0.353659 1.02439 0.756098 0.353659
0.731707 0.414634 0.146341 0.0121951 0.146341 0.390244
0.439024 1.12195 0.182927 0.536585 1 0.731707
0.0731707 0.121951 0.878049 0.268293 0.756098 0.756098
0.841463 1.19512 0.0365854 0.414634 0.195122 0.743902
0.256098 0.304878 0.0243902 0.292683 1.13415 0.54878
1 0.219512 0.0243902 0.963415 0.621951 0.890244
1.13415 0.695122 0.914634 0.634146 0.939024 0.329268
0.121951 0.743902 1.13415 0.963415 0.902439 0.817073
0.0731707 0.54878 1.14634 0.817073 0.829268 0.768293
0.0243902 0.658537 0.097561 0.390244 1.04878 0.597561
0.731707 0.634146 0.268293 0.0121951 0.231707 0.890244
0.95122 0.853659 1.06098 1.06098 0.47561 1.04878
0 0.804878 1.08537 0.743902 0.341463 0.512195
1.03659 0.439024 0.987805 0.54878 0.597561 0.97561
1.17073 0.378049 1 0.390244 1.07317 0.182927
0.853659 1.15854 0.0365854 0.646341 0.378049 0.585366
