0.639535 0.162791 0.55814 0.72093 0.906977 0.476744
0.372093 0.604651 1.09302 0.127907 0.197674 0.965116
0.965116 0.151163 0.709302 0.802326 0.511628 0.453488
0.895349 0.395349 0.395349 0.0232558 1.0814 0.27907
0.290698 0.325581 0.569767 1.06977 0.0348837 0.0930233
0.511628 1.01163 0.732558 0.72093 0.267442 1.13953
1.04651 0.232558 0.0697674 0.918605 0.372093 0.348837
0.848837 1.05814 0.476744 0.418605 0 1.0814
0.732558 1.11628 0.197674 0.651163 0.348837 0.94186
0.430233 0.651163 0.406977 1.04651 0.802326 0.406977
0.372093 0.627907 1.01163 0.709302 0.94186 1.15116
0.244186 0.895349 0.546512 0.627907 1.15116 0.418605
1.0814 0.0813953 0.988372 0.139535 0.77907 0.186047
0.755814 0.616279 0.313953 0.686047 1.13953 1.09302
0.267442 0.0813953 0.686047 0.22093 0.872093 0.151163
0.546512 0.790698 0.918605 0.965116 0.94186 1
0.593023 0.569767 0.976744 1.11628 0.825581 1.09302
0.267442 1.15116 0.104651 0.197674 0.639535 0.813953
0.569767 0.918605 0.72093 0.593023 0.0697674 1.11628
0.651163 0.186047 0.593023 0.209302 0.127907 0.267442
1.13953 0 0.906977 0.930233 0.872093 0.616279
0.895349 0.348837 0.674419 0.476744 1 0.197674
1.0814 0.465116 0.72093 0.430233 1.06977 0.232558
0.348837 1 0.732558 0.523256 0.813953 1.15116
0.0232558 0.732558 1.03488 0.476744 1.10465 0.976744
0.895349 0.116279 1.01163 0.27907 0.0232558 1
0.5 0.197674 0.953488 0.244186 0.604651 0.139535
0.383721 0.755814 1.13953 0.44186 0.22093 0.116279
0.604651 0.197674 0.790698 0.302326 0.709302 0.0581395
0.453488 1.09302 0.465116 1.15116 0.55814 0.232558
0.674419 0.918605 0.918605 0.802326 0.825581 0.744186
0.0697674 0.139535 1.12791 0.0465116 0.186047 1.13953
0.918605 0 0.465116 0.965116 0.569767 0.755814
0.593023 0.151163 0.337209 0.976744 0.72093 0.337209
0.697674 0.395349 0.139535 0.0116279 0.139535 0.372093
0.418605 1.06977 0.174419 0.511628 0.953488 0.697674
0.0697674 0.116279 0.837209 0.255814 0.72093 0.72093
0.802326 1.13953 0.0348837 0.395349 0.186047 0.709302
0.244186 0.290698 0.0232558 0.27907 1.0814 0.523256
0.953488 0.209302 0.0232558 0.918605 0.593023 0.848837
1.0814 0.662791 0.872093 0.604651 0.895349 0.313953
0.116279 0.709302 1.0814 0.918605 0.860465 0.77907
0.0697674 0.523256 1.09302 0.77907 0.790698 0.732558
0.0232558 0.627907 0.0930233 0.372093 1 0.569767
0.697674 0.604651 0.255814 0.0116279 0.22093 0.848837
0.906977 0.813953 1.01163 1.01163 0.453488 1
0 0.767442 1.03488 0.709302 0.325581 0.488372
0.988372 0.418605 0.94186 0.523256 0.569767 0.930233
1.11628 0.360465 0.953488 0.372093 1.02326 0.174419
0.813953 1.10465 0.0348837 0.616279 0.360465 0.55814
