2.89474 0.736842 2.52632 3.26316 4.10526 2.15789
1.68421 2.73684 4.94737 0.578947 0.894737 4.36842
4.36842 0.684211 3.21053 3.63158 2.31579 2.05263
4.05263 1.78947 1.78947 0.105263 4.89474 1.26316
1.31579 1.47368 2.57895 4.84211 0.157895 0.421053
2.31579 4.57895 3.31579 3.26316 1.21053 5.15789
4.73684 1.05263 0.315789 4.15789 1.68421 1.57895
3.84211 4.78947 2.15789 1.89474 0 4.89474
3.31579 5.05263 0.894737 2.94737 1.57895 4.26316
1.94737 2.94737 1.84211 4.73684 3.63158 1.84211
1.68421 2.84211 4.57895 3.21053 4.26316 5.21053
1.10526 4.05263 2.47368 2.84211 5.21053 1.89474
4.89474 0.368421 4.47368 0.631579 3.52632 0.842105
3.42105 2.78947 1.42105 3.10526 5.15789 4.94737
1.21053 0.368421 3.10526 1 3.94737 0.684211
2.47368 3.57895 4.15789 4.36842 4.26316 4.52632
2.68421 2.57895 4.42105 5.05263 3.73684 4.94737
1.21053 5.21053 0.473684 0.894737 2.89474 3.68421
2.57895 4.15789 3.26316 2.68421 0.315789 5.05263
2.94737 0.842105 2.68421 0.947368 0.578947 1.21053
5.15789 0 4.10526 4.21053 3.94737 2.78947
4.05263 1.57895 3.05263 2.15789 4.52632 0.894737
4.89474 2.10526 3.26316 1.94737 4.84211 1.05263
1.57895 4.52632 3.31579 2.36842 3.68421 5.21053
0.105263 3.31579 4.68421 2.15789 5 4.42105
4.05263 0.526316 4.57895 1.26316 0.105263 4.52632
2.26316 0.894737 4.31579 1.10526 2.73684 0.631579
1.73684 3.42105 5.15789 2 1 0.526316
2.73684 0.894737 3.57895 1.36842 3.21053 0.263158
2.05263 4.94737 2.10526 5.21053 2.52632 1.05263
3.05263 4.15789 4.15789 3.63158 3.73684 3.36842
0.315789 0.631579 5.10526 0.210526 0.842105 5.15789
4.15789 0 2.10526 4.36842 2.57895 3.42105
2.68421 0.684211 1.52632 4.42105 3.26316 1.52632
3.15789 1.78947 0.631579 0.0526316 0.631579 1.68421
1.89474 4.84211 0.789474 2.31579 4.31579 3.15789
0.315789 0.526316 3.78947 1.15789 3.26316 3.26316
3.63158 5.15789 0.157895 1.78947 0.842105 3.21053
1.10526 1.31579 0.105263 1.26316 4.89474 2.36842
4.31579 0.947368 0.105263 4.15789 2.68421 3.84211
4.89474 3 3.94737 2.73684 4.05263 1.42105
0.526316 3.21053 4.89474 4.15789 3.89474 3.52632
0.315789 2.36842 4.94737 3.52632 3.57895 3.31579
0.105263 2.84211 0.421053 1.68421 4.52632 2.57895
3.15789 2.73684 1.15789 0.0526316 1 3.84211
4.10526 3.68421 4.57895 4.57895 2.05263 4.52632
0 3.47368 4.68421 3.21053 1.47368 2.21053
4.47368 1.89474 4.26316 2.36842 2.57895 4.21053
5.05263 1.63158 4.31579 1.68421 4.63158 0.789474
3.68421 5 0.157895 2.78947 1.63158 2.52632
