0.591398 0.150538 0.516129 0.666667 0.83871 0.44086
0.344086 0.55914 1.01075 0.11828 0.182796 0.892473
0.892473 0.139785 0.655914 0.741935 0.473118 0.419355
0.827957 0.365591 0.365591 0.0215054 1 0.258065
0.268817 0.301075 0.526882 0.989247 0.0322581 0.0860215
0.473118 0.935484 0.677419 0.666667 0.247312 1.05376
0.967742 0.215054 0.0645161 0.849462 0.344086 0.322581
0.784946 0.978495 0.44086 0.387097 0 1
0.677419 1.03226 0.182796 0.602151 0.322581 0.870968
0.397849 0.602151 0.376344 0.967742 0.741935 0.376344
0.344086 0.580645 0.935484 0.655914 0.870968 1.06452
0.225806 0.827957 0.505376 0.580645 1.06452 0.387097
1 0.0752688 0.913978 0.129032 0.72043 0.172043
0.698925 0.569892 0.290323 0.634409 1.05376 1.01075
0.247312 0.0752688 0.634409 0.204301 0.806452 0.139785
0.505376 0.731183 0.849462 0.892473 0.870968 0.924731
0.548387 0.526882 0.903226 1.03226 0.763441 1.01075
0.247312 1.06452 0.0967742 0.182796 0.591398 0.752688
0.526882 0.849462 0.666667 0.548387 0.0645161 1.03226
0.602151 0.172043 0.548387 0.193548 0.11828 0.247312
1.05376 0 0.83871 0.860215 0.806452 0.569892
0.827957 0.322581 0.623656 0.44086 0.924731 0.182796
1 0.430108 0.666667 0.397849 0.989247 0.215054
0.322581 0.924731 0.677419 0.483871 0.752688 1.06452
0.0215054 0.677419 0.956989 0.44086 1.02151 0.903226
0.827957 0.107527 0.935484 0.258065 0.0215054 0.924731
0.462366 0.182796 0.88172 0.225806 0.55914 0.129032
0.354839 0.698925 1.05376 0.408602 0.204301 0.107527
0.55914 0.182796 0.731183 0.27957 0.655914 0.0537634
0.419355 1.01075 0.430108 1.06452 0.516129 0.215054
0.623656 0.849462 0.849462 0.741935 0.763441 0.688172
0.0645161 0.129032 1.04301 0.0430108 0.172043 1.05376
0.849462 0 0.430108 0.892473 0.526882 0.698925
0.548387 0.139785 0.311828 0.903226 0.666667 0.311828
0.645161 0.365591 0.129032 0.0107527 0.129032 0.344086
0.387097 0.989247 0.16129 0.473118 0.88172 0.645161
0.0645161 0.107527 0.774194 0.236559 0.666667 0.666667
0.741935 1.05376 0.0322581 0.365591 0.172043 0.655914
0.225806 0.268817 0.0215054 0.258065 1 0.483871
0.88172 0.193548 0.0215054 0.849462 0.548387 0.784946
1 0.612903 0.806452 0.55914 0.827957 0.290323
0.107527 0.655914 1 0.849462 0.795699 0.72043
0.0645161 0.483871 1.01075 0.72043 0.731183 0.677419
0.0215054 0.580645 0.0860215 0.344086 0.924731 0.526882
0.645161 0.55914 0.236559 0.0107527 0.204301 0.784946
0.83871 0.752688 0.935484 0.935484 0.419355 0.924731
0 0.709677 0.956989 0.655914 0.301075 0.451613
0.913978 0.387097 0.870968 0.483871 0.526882 0.860215
1.03226 0.333333 0.88172 0.344086 0.946237 0.16129
0.752688 1.02151 0.0322581 0.569892 0.333333 0.516129
