1.01852 0.259259 0.888889 1.14815 1.44444 0.759259
0.592593 0.962963 1.74074 0.203704 0.314815 1.53704
1.53704 0.240741 1.12963 1.27778 0.814815 0.722222
1.42593 0.62963 0.62963 0.037037 1.72222 0.444444
0.462963 0.518519 0.907407 1.7037 0.0555556 0.148148
0.814815 1.61111 1.16667 1.14815 0.425926 1.81481
1.66667 0.37037 0.111111 1.46296 0.592593 0.555556
1.35185 1.68519 0.759259 0.666667 0 1.72222
1.16667 1.77778 0.314815 1.03704 0.555556 1.5
0.685185 1.03704 0.648148 1.66667 1.27778 0.648148
0.592593 1 1.61111 1.12963 1.5 1.83333
0.388889 1.42593 0.87037 1 1.83333 0.666667
1.72222 0.12963 1.57407 0.222222 1.24074 0.296296
1.2037 0.981481 0.5 1.09259 1.81481 1.74074
0.425926 0.12963 1.09259 0.351852 1.38889 0.240741
0.87037 1.25926 1.46296 1.53704 1.5 1.59259
0.944444 0.907407 1.55556 1.77778 1.31481 1.74074
0.425926 1.83333 0.166667 0.314815 1.01852 1.2963
0.907407 1.46296 1.14815 0.944444 0.111111 1.77778
1.03704 0.296296 0.944444 0.333333 0.203704 0.425926
1.81481 0 1.44444 1.48148 1.38889 0.981481
1.42593 0.555556 1.07407 0.759259 1.59259 0.314815
1.72222 0.740741 1.14815 0.685185 1.7037 0.37037
0.555556 1.59259 1.16667 0.833333 1.2963 1.83333
0.037037 1.16667 1.64815 0.759259 1.75926 1.55556
1.42593 0.185185 1.61111 0.444444 0.037037 1.59259
0.796296 0.314815 1.51852 0.388889 0.962963 0.222222
0.611111 1.2037 1.81481 0.703704 0.351852 0.185185
0.962963 0.314815 1.25926 0.481481 1.12963 0.0925926
0.722222 1.74074 0.740741 1.83333 0.888889 0.37037
1.07407 1.46296 1.46296 1.27778 1.31481 1.18519
0.111111 0.222222 1.7963 0.0740741 0.296296 1.81481
1.46296 0 0.740741 1.53704 0.907407 1.2037
0.944444 0.240741 0.537037 1.55556 1.14815 0.537037
1.11111 0.62963 0.222222 0.0185185 0.222222 0.592593
0.666667 1.7037 0.277778 0.814815 1.51852 1.11111
0.111111 0.185185 1.33333 0.407407 1.14815 1.14815
1.27778 1.81481 0.0555556 0.62963 0.296296 1.12963
0.388889 0.462963 0.037037 0.444444 1.72222 0.833333
1.51852 0.333333 0.037037 1.46296 0.944444 1.35185
1.72222 1.05556 1.38889 0.962963 1.42593 0.5
0.185185 1.12963 1.72222 1.46296 1.37037 1.24074
0.111111 0.833333 1.74074 1.24074 1.25926 1.16667
0.037037 1 0.148148 0.592593 1.59259 0.907407
1.11111 0.962963 0.407407 0.0185185 0.351852 1.35185
1.44444 1.2963 1.61111 1.61111 0.722222 1.59259
0 1.22222 1.64815 1.12963 0.518519 0.777778
1.57407 0.666667 1.5 0.833333 0.907407 1.48148
1.77778 0.574074 1.51852 0.592593 1.62963 0.277778
1.2963 1.75926 0.0555556 0.981481 0.574074 0.888889
