1.34146 0.341463 1.17073 1.5122 1.90244 1
0.780488 1.26829 2.29268 0.268293 0.414634 2.02439
2.02439 0.317073 1.4878 1.68293 1.07317 0.95122
1.87805 0.829268 0.829268 0.0487805 2.26829 0.585366
0.609756 0.682927 1.19512 2.2439 0.0731707 0.195122
1.07317 2.12195 1.53659 1.5122 0.560976 2.39024
2.19512 0.487805 0.146341 1.92683 0.780488 0.731707
1.78049 2.21951 1 0.878049 0 2.26829
1.53659 2.34146 0.414634 1.36585 0.731707 1.97561
0.902439 1.36585 0.853659 2.19512 1.68293 0.853659
0.780488 1.31707 2.12195 1.4878 1.97561 2.41463
0.512195 1.87805 1.14634 1.31707 2.41463 0.878049
2.26829 0.170732 2.07317 0.292683 1.63415 0.390244
1.58537 1.29268 0.658537 1.43902 2.39024 2.29268
0.560976 0.170732 1.43902 0.463415 1.82927 0.317073
1.14634 1.65854 1.92683 2.02439 1.97561 2.09756
1.2439 1.19512 2.04878 2.34146 1.73171 2.29268
0.560976 2.41463 0.219512 0.414634 1.34146 1.70732
1.19512 1.92683 1.5122 1.2439 0.146341 2.34146
1.36585 0.390244 1.2439 0.439024 0.268293 0.560976
2.39024 0 1.90244 1.95122 1.82927 1.29268
1.87805 0.731707 1.41463 1 2.09756 0.414634
2.26829 0.97561 1.5122 0.902439 2.2439 0.487805
0.731707 2.09756 1.53659 1.09756 1.70732 2.41463
0.0487805 1.53659 2.17073 1 2.31707 2.04878
1.87805 0.243902 2.12195 0.585366 0.0487805 2.09756
1.04878 0.414634 2 0.512195 1.26829 0.292683
0.804878 1.58537 2.39024 0.926829 0.463415 0.243902
1.26829 0.414634 1.65854 0.634146 1.4878 0.121951
0.95122 2.29268 0.97561 2.41463 1.17073 0.487805
1.41463 1.92683 1.92683 1.68293 1.73171 1.56098
0.146341 0.292683 2.36585 0.097561 0.390244 2.39024
1.92683 0 0.97561 2.02439 1.19512 1.58537
1.2439 0.317073 0.707317 2.04878 1.5122 0.707317
1.46341 0.829268 0.292683 0.0243902 0.292683 0.780488
0.878049 2.2439 0.365854 1.07317 2 1.46341
0.146341 0.243902 1.7561 0.536585 1.5122 1.5122
1.68293 2.39024 0.0731707 0.829268 0.390244 1.4878
0.512195 0.609756 0.0487805 0.585366 2.26829 1.09756
2 0.439024 0.0487805 1.92683 1.2439 1.78049
2.26829 1.39024 1.82927 1.26829 1.87805 0.658537
0.243902 1.4878 2.26829 1.92683 1.80488 1.63415
0.146341 1.09756 2.29268 1.63415 1.65854 1.53659
0.0487805 1.31707 0.195122 0.780488 2.09756 1.19512
1.46341 1.26829 0.536585 0.0243902 0.463415 1.78049
1.90244 1.70732 2.12195 2.12195 0.95122 2.09756
0 1.60976 2.17073 1.4878 0.682927 1.02439
2.07317 0.878049 1.97561 1.09756 1.19512 1.95122
2.34146 0.756098 2 0.780488 2.14634 0.365854
1.70732 2.31707 0.0731707 1.29268 0.756098 1.17073
