1.44737 0.368421 1.26316 1.63158 2.05263 1.07895
0.842105 1.36842 2.47368 0.289474 0.447368 2.18421
2.18421 0.342105 1.60526 1.81579 1.15789 1.02632
2.02632 0.894737 0.894737 0.0526316 2.44737 0.631579
0.657895 0.736842 1.28947 2.42105 0.0789474 0.210526
1.15789 2.28947 1.65789 1.63158 0.605263 2.57895
2.36842 0.526316 0.157895 2.07895 0.842105 0.789474
1.92105 2.39474 1.07895 0.947368 0 2.44737
1.65789 2.52632 0.447368 1.47368 0.789474 2.13158
0.973684 1.47368 0.921053 2.36842 1.81579 0.921053
0.842105 1.42105 2.28947 1.60526 2.13158 2.60526
0.552632 2.02632 1.23684 1.42105 2.60526 0.947368
2.44737 0.184211 2.23684 0.315789 1.76316 0.421053
1.71053 1.39474 0.710526 1.55263 2.57895 2.47368
0.605263 0.184211 1.55263 0.5 1.97368 0.342105
1.23684 1.78947 2.07895 2.18421 2.13158 2.26316
1.34211 1.28947 2.21053 2.52632 1.86842 2.47368
0.605263 2.60526 0.236842 0.447368 1.44737 1.84211
1.28947 2.07895 1.63158 1.34211 0.157895 2.52632
1.47368 0.421053 1.34211 0.473684 0.289474 0.605263
2.57895 0 2.05263 2.10526 1.97368 1.39474
2.02632 0.789474 1.52632 1.07895 2.26316 0.447368
2.44737 1.05263 1.63158 0.973684 2.42105 0.526316
0.789474 2.26316 1.65789 1.18421 1.84211 2.60526
0.0526316 1.65789 2.34211 1.07895 2.5 2.21053
2.02632 0.263158 2.28947 0.631579 0.0526316 2.26316
1.13158 0.447368 2.15789 0.552632 1.36842 0.315789
0.868421 1.71053 2.57895 1 0.5 0.263158
1.36842 0.447368 1.78947 0.684211 1.60526 0.131579
1.02632 2.47368 1.05263 2.60526 1.26316 0.526316
1.52632 2.07895 2.07895 1.81579 1.86842 1.68421
0.157895 0.315789 2.55263 0.105263 0.421053 2.57895
2.07895 0 1.05263 2.18421 1.28947 1.71053
1.34211 0.342105 0.763158 2.21053 1.63158 0.763158
1.57895 0.894737 0.315789 0.0263158 0.315789 0.842105
0.947368 2.42105 0.394737 1.15789 2.15789 1.57895
0.157895 0.263158 1.89474 0.578947 1.63158 1.63158
1.81579 2.57895 0.0789474 0.894737 0.421053 1.60526
0.552632 0.657895 0.0526316 0.631579 2.44737 1.18421
2.15789 0.473684 0.0526316 2.07895 1.34211 1.92105
2.44737 1.5 1.97368 1.36842 2.02632 0.710526
0.263158 1.60526 2.44737 2.07895 1.94737 1.76316
0.157895 1.18421 2.47368 1.76316 1.78947 1.65789
0.0526316 1.42105 0.210526 0.842105 2.26316 1.28947
1.57895 1.36842 0.578947 0.0263158 0.5 1.92105
2.05263 1.84211 2.28947 2.28947 1.02632 2.26316
0 1.73684 2.34211 1.60526 0.736842 1.10526
2.23684 0.947368 2.13158 1.18421 1.28947 2.10526
2.52632 0.815789 2.15789 0.842105 2.31579 0.394737
1.84211 2.5 0.0789474 1.39474 0.815789 1.26316
