0.723684 0.184211 0.631579 0.815789 1.02632 0.539474
0.421053 0.684211 1.23684 0.144737 0.223684 1.09211
1.09211 0.171053 0.802632 0.907895 0.578947 0.513158
1.01316 0.447368 0.447368 0.0263158 1.22368 0.315789
0.328947 0.368421 0.644737 1.21053 0.0394737 0.105263
0.578947 1.14474 0.828947 0.815789 0.302632 1.28947
1.18421 0.263158 0.0789474 1.03947 0.421053 0.394737
0.960526 1.19737 0.539474 0.473684 0 1.22368
0.828947 1.26316 0.223684 0.736842 0.394737 1.06579
0.486842 0.736842 0.460526 1.18421 0.907895 0.460526
0.421053 0.710526 1.14474 0.802632 1.06579 1.30263
0.276316 1.01316 0.618421 0.710526 1.30263 0.473684
1.22368 0.0921053 1.11842 0.157895 0.881579 0.210526
0.855263 0.697368 0.355263 0.776316 1.28947 1.23684
0.302632 0.0921053 0.776316 0.25 0.986842 0.171053
0.618421 0.894737 1.03947 1.09211 1.06579 1.13158
0.671053 0.644737 1.10526 1.26316 0.934211 1.23684
0.302632 1.30263 0.118421 0.223684 0.723684 0.921053
0.644737 1.03947 0.815789 0.671053 0.0789474 1.26316
0.736842 0.210526 0.671053 0.236842 0.144737 0.302632
1.28947 0 1.02632 1.05263 0.986842 0.697368
1.01316 0.394737 0.763158 0.539474 1.13158 0.223684
1.22368 0.526316 0.815789 0.486842 1.21053 0.263158
0.394737 1.13158 0.828947 0.592105 0.921053 1.30263
0.0263158 0.828947 1.17105 0.539474 1.25 1.10526
1.01316 0.131579 1.14474 0.315789 0.0263158 1.13158
0.565789 0.223684 1.07895 0.276316 0.684211 0.157895
0.434211 0.855263 1.28947 0.5 0.25 0.131579
0.684211 0.223684 0.894737 0.342105 0.802632 0.0657895
0.513158 1.23684 0.526316 1.30263 0.631579 0.263158
0.763158 1.03947 1.03947 0.907895 0.934211 0.842105
0.0789474 0.157895 1.27632 0.0526316 0.210526 1.28947
1.03947 0 0.526316 1.09211 0.644737 0.855263
0.671053 0.171053 0.381579 1.10526 0.815789 0.381579
0.789474 0.447368 0.157895 0.0131579 0.157895 0.421053
0.473684 1.21053 0.197368 0.578947 1.07895 0.789474
0.0789474 0.131579 0.947368 0.289474 0.815789 0.815789
0.907895 1.28947 0.0394737 0.447368 0.210526 0.802632
0.276316 0.328947 0.0263158 0.315789 1.22368 0.592105
1.07895 0.236842 0.0263158 1.03947 0.671053 0.960526
1.22368 0.75 0.986842 0.684211 1.01316 0.355263
0.131579 0.802632 1.22368 1.03947 0.973684 0.881579
0.0789474 0.592105 1.23684 0.881579 0.894737 0.828947
0.0263158 0.710526 0.105263 0.421053 1.13158 0.644737
0.789474 0.684211 0.289474 0.0131579 0.25 0.960526
1.02632 0.921053 1.14474 1.14474 0.513158 1.13158
0 0.868421 1.17105 0.802632 0.368421 0.552632
1.11842 0.473684 1.06579 0.592105 0.644737 1.05263
1.26316 0.407895 1.07895 0.421053 1.15789 0.197368
0.921053 1.25 0.0394737 0.697368 0.407895 0.631579
