9.16667 2.33333 8 10.3333 13 6.83333
5.33333 8.66667 15.6667 1.83333 2.83333 13.8333
13.8333 2.16667 10.1667 11.5 7.33333 6.5
12.8333 5.66667 5.66667 0.333333 15.5 4
4.16667 4.66667 8.16667 15.3333 0.5 1.33333
7.33333 14.5 10.5 10.3333 3.83333 16.3333
15 3.33333 1 13.1667 5.33333 5
12.1667 15.1667 6.83333 6 0 15.5
10.5 16 2.83333 9.33333 5 13.5
6.16667 9.33333 5.83333 15 11.5 5.83333
5.33333 9 14.5 10.1667 13.5 16.5
3.5 12.8333 7.83333 9 16.5 6
15.5 1.16667 14.1667 2 11.1667 2.66667
10.8333 8.83333 4.5 9.83333 16.3333 15.6667
3.83333 1.16667 9.83333 3.16667 12.5 2.16667
7.83333 11.3333 13.1667 13.8333 13.5 14.3333
8.5 8.16667 14 16 11.8333 15.6667
3.83333 16.5 1.5 2.83333 9.16667 11.6667
8.16667 13.1667 10.3333 8.5 1 16
9.33333 2.66667 8.5 3 1.83333 3.83333
16.3333 0 13 13.3333 12.5 8.83333
12.8333 5 9.66667 6.83333 14.3333 2.83333
15.5 6.66667 10.3333 6.16667 15.3333 3.33333
5 14.3333 10.5 7.5 11.6667 16.5
0.333333 10.5 14.8333 6.83333 15.8333 14
12.8333 1.66667 14.5 4 0.333333 14.3333
7.16667 2.83333 13.6667 3.5 8.66667 2
5.5 10.8333 16.3333 6.33333 3.16667 1.66667
8.66667 2.83333 11.3333 4.33333 10.1667 0.833333
6.5 15.6667 6.66667 16.5 8 3.33333
9.66667 13.1667 13.1667 11.5 11.8333 10.6667
1 2 16.1667 0.666667 2.66667 16.3333
13.1667 0 6.66667 13.8333 8.16667 10.8333
8.5 2.16667 4.83333 14 10.3333 4.83333
10 5.66667 2 0.166667 2 5.33333
6 15.3333 2.5 7.33333 13.6667 10
1 1.66667 12 3.66667 10.3333 10.3333
11.5 16.3333 0.5 5.66667 2.66667 10.1667
3.5 4.16667 0.333333 4 15.5 7.5
13.6667 3 0.333333 13.1667 8.5 12.1667
15.5 9.5 12.5 8.66667 12.8333 4.5
1.66667 10.1667 15.5 13.1667 12.3333 11.1667
1 7.5 15.6667 11.1667 11.3333 10.5
0.333333 9 1.33333 5.33333 14.3333 8.16667
10 8.66667 3.66667 0.166667 3.16667 12.1667
13 11.6667 14.5 14.5 6.5 14.3333
0 11 14.8333 10.1667 4.66667 7
14.1667 6 13.5 7.5 8.16667 13.3333
16 5.16667 13.6667 5.33333 14.6667 2.5
11.6667 15.8333 0.5 8.83333 5.16667 8
