1.17021 0.297872 1.02128 1.31915 1.65957 0.87234
0.680851 1.10638 2 0.234043 0.361702 1.76596
1.76596 0.276596 1.29787 1.46809 0.93617 0.829787
1.6383 0.723404 0.723404 0.0425532 1.97872 0.510638
0.531915 0.595745 1.04255 1.95745 0.0638298 0.170213
0.93617 1.85106 1.34043 1.31915 0.489362 2.08511
1.91489 0.425532 0.12766 1.68085 0.680851 0.638298
1.55319 1.93617 0.87234 0.765957 0 1.97872
1.34043 2.04255 0.361702 1.19149 0.638298 1.7234
0.787234 1.19149 0.744681 1.91489 1.46809 0.744681
0.680851 1.14894 1.85106 1.29787 1.7234 2.10638
0.446809 1.6383 1 1.14894 2.10638 0.765957
1.97872 0.148936 1.80851 0.255319 1.42553 0.340426
1.38298 1.12766 0.574468 1.25532 2.08511 2
0.489362 0.148936 1.25532 0.404255 1.59574 0.276596
1 1.44681 1.68085 1.76596 1.7234 1.82979
1.08511 1.04255 1.78723 2.04255 1.51064 2
0.489362 2.10638 0.191489 0.361702 1.17021 1.48936
1.04255 1.68085 1.31915 1.08511 0.12766 2.04255
1.19149 0.340426 1.08511 0.382979 0.234043 0.489362
2.08511 0 1.65957 1.70213 1.59574 1.12766
1.6383 0.638298 1.23404 0.87234 1.82979 0.361702
1.97872 0.851064 1.31915 0.787234 1.95745 0.425532
0.638298 1.82979 1.34043 0.957447 1.48936 2.10638
0.0425532 1.34043 1.89362 0.87234 2.02128 1.78723
1.6383 0.212766 1.85106 0.510638 0.0425532 1.82979
0.914894 0.361702 1.74468 0.446809 1.10638 0.255319
0.702128 1.38298 2.08511 0.808511 0.404255 0.212766
1.10638 0.361702 1.44681 0.553191 1.29787 0.106383
0.829787 2 0.851064 2.10638 1.02128 0.425532
1.23404 1.68085 1.68085 1.46809 1.51064 1.3617
0.12766 0.255319 2.06383 0.0851064 0.340426 2.08511
1.68085 0 0.851064 1.76596 1.04255 1.38298
1.08511 0.276596 0.617021 1.78723 1.31915 0.617021
1.2766 0.723404 0.255319 0.0212766 0.255319 0.680851
0.765957 1.95745 0.319149 0.93617 1.74468 1.2766
0.12766 0.212766 1.53191 0.468085 1.31915 1.31915
1.46809 2.08511 0.0638298 0.723404 0.340426 1.29787
0.446809 0.531915 0.0425532 0.510638 1.97872 0.957447
1.74468 0.382979 0.0425532 1.68085 1.08511 1.55319
1.97872 1.21277 1.59574 1.10638 1.6383 0.574468
0.212766 1.29787 1.97872 1.68085 1.57447 1.42553
0.12766 0.957447 2 1.42553 1.44681 1.34043
0.0425532 1.14894 0.170213 0.680851 1.82979 1.04255
1.2766 1.10638 0.468085 0.0212766 0.404255 1.55319
1.65957 1.48936 1.85106 1.85106 0.829787 1.82979
0 1.40426 1.89362 1.29787 0.595745 0.893617
1.80851 0.765957 1.7234 0.957447 1.04255 1.70213
2.04255 0.659574 1.74468 0.680851 1.87234 0.319149
1.48936 2.02128 0.0638298 1.12766 0.659574 1.02128
