0.647059 0.164706 0.564706 0.729412 0.917647 0.482353
0.376471 0.611765 1.10588 0.129412 0.2 0.976471
0.976471 0.152941 0.717647 0.811765 0.517647 0.458824
0.905882 0.4 0.4 0.0235294 1.09412 0.282353
0.294118 0.329412 0.576471 1.08235 0.0352941 0.0941176
0.517647 1.02353 0.741176 0.729412 0.270588 1.15294
1.05882 0.235294 0.0705882 0.929412 0.376471 0.352941
0.858824 1.07059 0.482353 0.423529 0 1.09412
0.741176 1.12941 0.2 0.658824 0.352941 0.952941
0.435294 0.658824 0.411765 1.05882 0.811765 0.411765
0.376471 0.635294 1.02353 0.717647 0.952941 1.16471
0.247059 0.905882 0.552941 0.635294 1.16471 0.423529
1.09412 0.0823529 1 0.141176 0.788235 0.188235
0.764706 0.623529 0.317647 0.694118 1.15294 1.10588
0.270588 0.0823529 0.694118 0.223529 0.882353 0.152941
0.552941 0.8 0.929412 0.976471 0.952941 1.01176
0.6 0.576471 0.988235 1.12941 0.835294 1.10588
0.270588 1.16471 0.105882 0.2 0.647059 0.823529
0.576471 0.929412 0.729412 0.6 0.0705882 1.12941
0.658824 0.188235 0.6 0.211765 0.129412 0.270588
1.15294 0 0.917647 0.941176 0.882353 0.623529
0.905882 0.352941 0.682353 0.482353 1.01176 0.2
1.09412 0.470588 0.729412 0.435294 1.08235 0.235294
0.352941 1.01176 0.741176 0.529412 0.823529 1.16471
0.0235294 0.741176 1.04706 0.482353 1.11765 0.988235
0.905882 0.117647 1.02353 0.282353 0.0235294 1.01176
0.505882 0.2 0.964706 0.247059 0.611765 0.141176
0.388235 0.764706 1.15294 0.447059 0.223529 0.117647
0.611765 0.2 0.8 0.305882 0.717647 0.0588235
0.458824 1.10588 0.470588 1.16471 0.564706 0.235294
0.682353 0.929412 0.929412 0.811765 0.835294 0.752941
0.0705882 0.141176 1.14118 0.0470588 0.188235 1.15294
0.929412 0 0.470588 0.976471 0.576471 0.764706
0.6 0.152941 0.341176 0.988235 0.729412 0.341176
0.705882 0.4 0.141176 0.0117647 0.141176 0.376471
0.423529 1.08235 0.176471 0.517647 0.964706 0.705882
0.0705882 0.117647 0.847059 0.258824 0.729412 0.729412
0.811765 1.15294 0.0352941 0.4 0.188235 0.717647
0.247059 0.294118 0.0235294 0.282353 1.09412 0.529412
0.964706 0.211765 0.0235294 0.929412 0.6 0.858824
1.09412 0.670588 0.882353 0.611765 0.905882 0.317647
0.117647 0.717647 1.09412 0.929412 0.870588 0.788235
0.0705882 0.529412 1.10588 0.788235 0.8 0.741176
0.0235294 0.635294 0.0941176 0.376471 1.01176 0.576471
0.705882 0.611765 0.258824 0.0117647 0.223529 0.858824
0.917647 0.823529 1.02353 1.02353 0.458824 1.01176
0 0.776471 1.04706 0.717647 0.329412 0.494118
1 0.423529 0.952941 0.529412 0.576471 0.941176
1.12941 0.364706 0.964706 0.376471 1.03529 0.176471
0.823529 1.11765 0.0352941 0.623529 0.364706 0.564706
