0.679012 0.17284 0.592593 0.765432 0.962963 0.506173
0.395062 0.641975 1.16049 0.135802 0.209877 1.02469
1.02469 0.160494 0.753086 0.851852 0.54321 0.481481
0.950617 0.419753 0.419753 0.0246914 1.14815 0.296296
0.308642 0.345679 0.604938 1.1358 0.037037 0.0987654
0.54321 1.07407 0.777778 0.765432 0.283951 1.20988
1.11111 0.246914 0.0740741 0.975309 0.395062 0.37037
0.901235 1.12346 0.506173 0.444444 0 1.14815
0.777778 1.18519 0.209877 0.691358 0.37037 1
0.45679 0.691358 0.432099 1.11111 0.851852 0.432099
0.395062 0.666667 1.07407 0.753086 1 1.22222
0.259259 0.950617 0.580247 0.666667 1.22222 0.444444
1.14815 0.0864198 1.04938 0.148148 0.82716 0.197531
0.802469 0.654321 0.333333 0.728395 1.20988 1.16049
0.283951 0.0864198 0.728395 0.234568 0.925926 0.160494
0.580247 0.839506 0.975309 1.02469 1 1.06173
0.62963 0.604938 1.03704 1.18519 0.876543 1.16049
0.283951 1.22222 0.111111 0.209877 0.679012 0.864198
0.604938 0.975309 0.765432 0.62963 0.0740741 1.18519
0.691358 0.197531 0.62963 0.222222 0.135802 0.283951
1.20988 0 0.962963 0.987654 0.925926 0.654321
0.950617 0.37037 0.716049 0.506173 1.06173 0.209877
1.14815 0.493827 0.765432 0.45679 1.1358 0.246914
0.37037 1.06173 0.777778 0.555556 0.864198 1.22222
0.0246914 0.777778 1.09877 0.506173 1.17284 1.03704
0.950617 0.123457 1.07407 0.296296 0.0246914 1.06173
0.530864 0.209877 1.01235 0.259259 0.641975 0.148148
0.407407 0.802469 1.20988 0.469136 0.234568 0.123457
0.641975 0.209877 0.839506 0.320988 0.753086 0.0617284
0.481481 1.16049 0.493827 1.22222 0.592593 0.246914
0.716049 0.975309 0.975309 0.851852 0.876543 0.790123
0.0740741 0.148148 1.19753 0.0493827 0.197531 1.20988
0.975309 0 0.493827 1.02469 0.604938 0.802469
0.62963 0.160494 0.358025 1.03704 0.765432 0.358025
0.740741 0.419753 0.148148 0.0123457 0.148148 0.395062
0.444444 1.1358 0.185185 0.54321 1.01235 0.740741
0.0740741 0.123457 0.888889 0.271605 0.765432 0.765432
0.851852 1.20988 0.037037 0.419753 0.197531 0.753086
0.259259 0.308642 0.0246914 0.296296 1.14815 0.555556
1.01235 0.222222 0.0246914 0.975309 0.62963 0.901235
1.14815 0.703704 0.925926 0.641975 0.950617 0.333333
0.123457 0.753086 1.14815 0.975309 0.91358 0.82716
0.0740741 0.555556 1.16049 0.82716 0.839506 0.777778
0.0246914 0.666667 0.0987654 0.395062 1.06173 0.604938
0.740741 0.641975 0.271605 0.0123457 0.234568 0.901235
0.962963 0.864198 1.07407 1.07407 0.481481 1.06173
0 0.814815 1.09877 0.753086 0.345679 0.518519
1.04938 0.444444 1 0.555556 0.604938 0.987654
1.18519 0.382716 1.01235 0.395062 1.08642 0.185185
0.864198 1.17284 0.037037 0.654321 0.382716 0.592593
