2.03704 0.518519 1.77778 2.2963 2.88889 1.51852
1.18519 1.92593 3.48148 0.407407 0.62963 3.07407
3.07407 0.481481 2.25926 2.55556 1.62963 1.44444
2.85185 1.25926 1.25926 0.0740741 3.44444 0.888889
0.925926 1.03704 1.81481 3.40741 0.111111 0.296296
1.62963 3.22222 2.33333 2.2963 0.851852 3.62963
3.33333 0.740741 0.222222 2.92593 1.18519 1.11111
2.7037 3.37037 1.51852 1.33333 0 3.44444
2.33333 3.55556 0.62963 2.07407 1.11111 3
1.37037 2.07407 1.2963 3.33333 2.55556 1.2963
1.18519 2 3.22222 2.25926 3 3.66667
0.777778 2.85185 1.74074 2 3.66667 1.33333
3.44444 0.259259 3.14815 0.444444 2.48148 0.592593
2.40741 1.96296 1 2.18519 3.62963 3.48148
0.851852 0.259259 2.18519 0.703704 2.77778 0.481481
1.74074 2.51852 2.92593 3.07407 3 3.18519
1.88889 1.81481 3.11111 3.55556 2.62963 3.48148
0.851852 3.66667 0.333333 0.62963 2.03704 2.59259
1.81481 2.92593 2.2963 1.88889 0.222222 3.55556
2.07407 0.592593 1.88889 0.666667 0.407407 0.851852
3.62963 0 2.88889 2.96296 2.77778 1.96296
2.85185 1.11111 2.14815 1.51852 3.18519 0.62963
3.44444 1.48148 2.2963 1.37037 3.40741 0.740741
1.11111 3.18519 2.33333 1.66667 2.59259 3.66667
0.0740741 2.33333 3.2963 1.51852 3.51852 3.11111
2.85185 0.37037 3.22222 0.888889 0.0740741 3.18519
1.59259 0.62963 3.03704 0.777778 1.92593 0.444444
1.22222 2.40741 3.62963 1.40741 0.703704 0.37037
1.92593 0.62963 2.51852 0.962963 2.25926 0.185185
1.44444 3.48148 1.48148 3.66667 1.77778 0.740741
2.14815 2.92593 2.92593 2.55556 2.62963 2.37037
0.222222 0.444444 3.59259 0.148148 0.592593 3.62963
2.92593 0 1.48148 3.07407 1.81481 2.40741
1.88889 0.481481 1.07407 3.11111 2.2963 1.07407
2.22222 1.25926 0.444444 0.037037 0.444444 1.18519
1.33333 3.40741 0.555556 1.62963 3.03704 2.22222
0.222222 0.37037 2.66667 0.814815 2.2963 2.2963
2.55556 3.62963 0.111111 1.25926 0.592593 2.25926
0.777778 0.925926 0.0740741 0.888889 3.44444 1.66667
3.03704 0.666667 0.0740741 2.92593 1.88889 2.7037
3.44444 2.11111 2.77778 1.92593 2.85185 1
0.37037 2.25926 3.44444 2.92593 2.74074 2.48148
0.222222 1.66667 3.48148 2.48148 2.51852 2.33333
0.0740741 2 0.296296 1.18519 3.18519 1.81481
2.22222 1.92593 0.814815 0.037037 0.703704 2.7037
2.88889 2.59259 3.22222 3.22222 1.44444 3.18519
0 2.44444 3.2963 2.25926 1.03704 1.55556
3.14815 1.33333 3 1.66667 1.81481 2.96296
3.55556 1.14815 3.03704 1.18519 3.25926 0.555556
2.59259 3.51852 0.111111 1.96296 1.14815 1.77778
