3.92857 1 3.42857 4.42857 5.57143 2.92857
2.28571 3.71429 6.71429 0.785714 1.21429 5.92857
5.92857 0.928571 4.35714 4.92857 3.14286 2.78571
5.5 2.42857 2.42857 0.142857 6.64286 1.71429
1.78571 2 3.5 6.57143 0.214286 0.571429
3.14286 6.21429 4.5 4.42857 1.64286 7
6.42857 1.42857 0.428571 5.64286 2.28571 2.14286
5.21429 6.5 2.92857 2.57143 0 6.64286
4.5 6.85714 1.21429 4 2.14286 5.78571
2.64286 4 2.5 6.42857 4.92857 2.5
2.28571 3.85714 6.21429 4.35714 5.78571 7.07143
1.5 5.5 3.35714 3.85714 7.07143 2.57143
6.64286 0.5 6.07143 0.857143 4.78571 1.14286
4.64286 3.78571 1.92857 4.21429 7 6.71429
1.64286 0.5 4.21429 1.35714 5.35714 0.928571
3.35714 4.85714 5.64286 5.92857 5.78571 6.14286
3.64286 3.5 6 6.85714 5.07143 6.71429
1.64286 7.07143 0.642857 1.21429 3.92857 5
3.5 5.64286 4.42857 3.64286 0.428571 6.85714
4 1.14286 3.64286 1.28571 0.785714 1.64286
7 0 5.57143 5.71429 5.35714 3.78571
5.5 2.14286 4.14286 2.92857 6.14286 1.21429
6.64286 2.85714 4.42857 2.64286 6.57143 1.42857
2.14286 6.14286 4.5 3.21429 5 7.07143
0.142857 4.5 6.35714 2.92857 6.78571 6
5.5 0.714286 6.21429 1.71429 0.142857 6.14286
3.07143 1.21429 5.85714 1.5 3.71429 0.857143
2.35714 4.64286 7 2.71429 1.35714 0.714286
3.71429 1.21429 4.85714 1.85714 4.35714 0.357143
2.78571 6.71429 2.85714 7.07143 3.42857 1.42857
4.14286 5.64286 5.64286 4.92857 5.07143 4.57143
0.428571 0.857143 6.92857 0.285714 1.14286 7
5.64286 0 2.85714 5.92857 3.5 4.64286
3.64286 0.928571 2.07143 6 4.42857 2.07143
4.28571 2.42857 0.857143 0.0714286 0.857143 2.28571
2.57143 6.57143 1.07143 3.14286 5.85714 4.28571
0.428571 0.714286 5.14286 1.57143 4.42857 4.42857
4.92857 7 0.214286 2.42857 1.14286 4.35714
1.5 1.78571 0.142857 1.71429 6.64286 3.21429
5.85714 1.28571 0.142857 5.64286 3.64286 5.21429
6.64286 4.07143 5.35714 3.71429 5.5 1.92857
0.714286 4.35714 6.64286 5.64286 5.28571 4.78571
0.428571 3.21429 6.71429 4.78571 4.85714 4.5
0.142857 3.85714 0.571429 2.28571 6.14286 3.5
4.28571 3.71429 1.57143 0.0714286 1.35714 5.21429
5.57143 5 6.21429 6.21429 2.78571 6.14286
0 4.71429 6.35714 4.35714 2 3
6.07143 2.57143 5.78571 3.21429 3.5 5.71429
6.85714 2.21429 5.85714 2.28571 6.28571 1.07143
5 6.78571 0.214286 3.78571 2.21429 3.42857
