0.6875 0.175 0.6 0.775 0.975 0.5125
0.4 0.65 1.175 0.1375 0.2125 1.0375
1.0375 0.1625 0.7625 0.8625 0.55 0.4875
0.9625 0.425 0.425 0.025 1.1625 0.3
0.3125 0.35 0.6125 1.15 0.0375 0.1
0.55 1.0875 0.7875 0.775 0.2875 1.225
1.125 0.25 0.075 0.9875 0.4 0.375
0.9125 1.1375 0.5125 0.45 0 1.1625
0.7875 1.2 0.2125 0.7 0.375 1.0125
0.4625 0.7 0.4375 1.125 0.8625 0.4375
0.4 0.675 1.0875 0.7625 1.0125 1.2375
0.2625 0.9625 0.5875 0.675 1.2375 0.45
1.1625 0.0875 1.0625 0.15 0.8375 0.2
0.8125 0.6625 0.3375 0.7375 1.225 1.175
0.2875 0.0875 0.7375 0.2375 0.9375 0.1625
0.5875 0.85 0.9875 1.0375 1.0125 1.075
0.6375 0.6125 1.05 1.2 0.8875 1.175
0.2875 1.2375 0.1125 0.2125 0.6875 0.875
0.6125 0.9875 0.775 0.6375 0.075 1.2
0.7 0.2 0.6375 0.225 0.1375 0.2875
1.225 0 0.975 1 0.9375 0.6625
0.9625 0.375 0.725 0.5125 1.075 0.2125
1.1625 0.5 0.775 0.4625 1.15 0.25
0.375 1.075 0.7875 0.5625 0.875 1.2375
0.025 0.7875 1.1125 0.5125 1.1875 1.05
0.9625 0.125 1.0875 0.3 0.025 1.075
0.5375 0.2125 1.025 0.2625 0.65 0.15
0.4125 0.8125 1.225 0.475 0.2375 0.125
0.65 0.2125 0.85 0.325 0.7625 0.0625
0.4875 1.175 0.5 1.2375 0.6 0.25
0.725 0.9875 0.9875 0.8625 0.8875 0.8
0.075 0.15 1.2125 0.05 0.2 1.225
0.9875 0 0.5 1.0375 0.6125 0.8125
0.6375 0.1625 0.3625 1.05 0.775 0.3625
0.75 0.425 0.15 0.0125 0.15 0.4
0.45 1.15 0.1875 0.55 1.025 0.75
0.075 0.125 0.9 0.275 0.775 0.775
0.8625 1.225 0.0375 0.425 0.2 0.7625
0.2625 0.3125 0.025 0.3 1.1625 0.5625
1.025 0.225 0.025 0.9875 0.6375 0.9125
1.1625 0.7125 0.9375 0.65 0.9625 0.3375
0.125 0.7625 1.1625 0.9875 0.925 0.8375
0.075 0.5625 1.175 0.8375 0.85 0.7875
0.025 0.675 0.1 0.4 1.075 0.6125
0.75 0.65 0.275 0.0125 0.2375 0.9125
0.975 0.875 1.0875 1.0875 0.4875 1.075
0 0.825 1.1125 0.7625 0.35 0.525
1.0625 0.45 1.0125 0.5625 0.6125 1
1.2 0.3875 1.025 0.4 1.1 0.1875
0.875 1.1875 0.0375 0.6625 0.3875 0.6
