1.48649 0.378378 1.2973 1.67568 2.10811 1.10811
0.864865 1.40541 2.54054 0.297297 0.459459 2.24324
2.24324 0.351351 1.64865 1.86486 1.18919 1.05405
2.08108 0.918919 0.918919 0.0540541 2.51351 0.648649
0.675676 0.756757 1.32432 2.48649 0.0810811 0.216216
1.18919 2.35135 1.7027 1.67568 0.621622 2.64865
2.43243 0.540541 0.162162 2.13514 0.864865 0.810811
1.97297 2.45946 1.10811 0.972973 0 2.51351
1.7027 2.59459 0.459459 1.51351 0.810811 2.18919
1 1.51351 0.945946 2.43243 1.86486 0.945946
0.864865 1.45946 2.35135 1.64865 2.18919 2.67568
0.567568 2.08108 1.27027 1.45946 2.67568 0.972973
2.51351 0.189189 2.2973 0.324324 1.81081 0.432432
1.75676 1.43243 0.72973 1.59459 2.64865 2.54054
0.621622 0.189189 1.59459 0.513514 2.02703 0.351351
1.27027 1.83784 2.13514 2.24324 2.18919 2.32432
1.37838 1.32432 2.27027 2.59459 1.91892 2.54054
0.621622 2.67568 0.243243 0.459459 1.48649 1.89189
1.32432 2.13514 1.67568 1.37838 0.162162 2.59459
1.51351 0.432432 1.37838 0.486486 0.297297 0.621622
2.64865 0 2.10811 2.16216 2.02703 1.43243
2.08108 0.810811 1.56757 1.10811 2.32432 0.459459
2.51351 1.08108 1.67568 1 2.48649 0.540541
0.810811 2.32432 1.7027 1.21622 1.89189 2.67568
0.0540541 1.7027 2.40541 1.10811 2.56757 2.27027
2.08108 0.27027 2.35135 0.648649 0.0540541 2.32432
1.16216 0.459459 2.21622 0.567568 1.40541 0.324324
0.891892 1.75676 2.64865 1.02703 0.513514 0.27027
1.40541 0.459459 1.83784 0.702703 1.64865 0.135135
1.05405 2.54054 1.08108 2.67568 1.2973 0.540541
1.56757 2.13514 2.13514 1.86486 1.91892 1.72973
0.162162 0.324324 2.62162 0.108108 0.432432 2.64865
2.13514 0 1.08108 2.24324 1.32432 1.75676
1.37838 0.351351 0.783784 2.27027 1.67568 0.783784
1.62162 0.918919 0.324324 0.027027 0.324324 0.864865
0.972973 2.48649 0.405405 1.18919 2.21622 1.62162
0.162162 0.27027 1.94595 0.594595 1.67568 1.67568
1.86486 2.64865 0.0810811 0.918919 0.432432 1.64865
0.567568 0.675676 0.0540541 0.648649 2.51351 1.21622
2.21622 0.486486 0.0540541 2.13514 1.37838 1.97297
2.51351 1.54054 2.02703 1.40541 2.08108 0.72973
0.27027 1.64865 2.51351 2.13514 2 1.81081
0.162162 1.21622 2.54054 1.81081 1.83784 1.7027
0.0540541 1.45946 0.216216 0.864865 2.32432 1.32432
1.62162 1.40541 0.594595 0.027027 0.513514 1.97297
2.10811 1.89189 2.35135 2.35135 1.05405 2.32432
0 1.78378 2.40541 1.64865 0.756757 1.13514
2.2973 0.972973 2.18919 1.21622 1.32432 2.16216
2.59459 0.837838 2.21622 0.864865 2.37838 0.405405
1.89189 2.56757 0.0810811 1.43243 0.837838 1.2973
