0.654762 0.166667 0.571429 0.738095 0.928571 0.488095
0.380952 0.619048 1.11905 0.130952 0.202381 0.988095
0.988095 0.154762 0.72619 0.821429 0.52381 0.464286
0.916667 0.404762 0.404762 0.0238095 1.10714 0.285714
0.297619 0.333333 0.583333 1.09524 0.0357143 0.0952381
0.52381 1.03571 0.75 0.738095 0.27381 1.16667
1.07143 0.238095 0.0714286 0.940476 0.380952 0.357143
0.869048 1.08333 0.488095 0.428571 0 1.10714
0.75 1.14286 0.202381 0.666667 0.357143 0.964286
0.440476 0.666667 0.416667 1.07143 0.821429 0.416667
0.380952 0.642857 1.03571 0.72619 0.964286 1.17857
0.25 0.916667 0.559524 0.642857 1.17857 0.428571
1.10714 0.0833333 1.0119 0.142857 0.797619 0.190476
0.77381 0.630952 0.321429 0.702381 1.16667 1.11905
0.27381 0.0833333 0.702381 0.22619 0.892857 0.154762
0.559524 0.809524 0.940476 0.988095 0.964286 1.02381
0.607143 0.583333 1 1.14286 0.845238 1.11905
0.27381 1.17857 0.107143 0.202381 0.654762 0.833333
0.583333 0.940476 0.738095 0.607143 0.0714286 1.14286
0.666667 0.190476 0.607143 0.214286 0.130952 0.27381
1.16667 0 0.928571 0.952381 0.892857 0.630952
0.916667 0.357143 0.690476 0.488095 1.02381 0.202381
1.10714 0.47619 0.738095 0.440476 1.09524 0.238095
0.357143 1.02381 0.75 0.535714 0.833333 1.17857
0.0238095 0.75 1.05952 0.488095 1.13095 1
0.916667 0.119048 1.03571 0.285714 0.0238095 1.02381
0.511905 0.202381 0.97619 0.25 0.619048 0.142857
0.392857 0.77381 1.16667 0.452381 0.22619 0.119048
0.619048 0.202381 0.809524 0.309524 0.72619 0.0595238
0.464286 1.11905 0.47619 1.17857 0.571429 0.238095
0.690476 0.940476 0.940476 0.821429 0.845238 0.761905
0.0714286 0.142857 1.15476 0.047619 0.190476 1.16667
0.940476 0 0.47619 0.988095 0.583333 0.77381
0.607143 0.154762 0.345238 1 0.738095 0.345238
0.714286 0.404762 0.142857 0.0119048 0.142857 0.380952
0.428571 1.09524 0.178571 0.52381 0.97619 0.714286
0.0714286 0.119048 0.857143 0.261905 0.738095 0.738095
0.821429 1.16667 0.0357143 0.404762 0.190476 0.72619
0.25 0.297619 0.0238095 0.285714 1.10714 0.535714
0.97619 0.214286 0.0238095 0.940476 0.607143 0.869048
1.10714 0.678571 0.892857 0.619048 0.916667 0.321429
0.119048 0.72619 1.10714 0.940476 0.880952 0.797619
0.0714286 0.535714 1.11905 0.797619 0.809524 0.75
0.0238095 0.642857 0.0952381 0.380952 1.02381 0.583333
0.714286 0.619048 0.261905 0.0119048 0.22619 0.869048
0.928571 0.833333 1.03571 1.03571 0.464286 1.02381
0 0.785714 1.05952 0.72619 0.333333 0.5
1.0119 0.428571 0.964286 0.535714 0.583333 0.952381
1.14286 0.369048 0.97619 0.380952 1.04762 0.178571
0.833333 1.13095 0.0357143 0.630952 0.369048 0.571429
