6.875 1.75 6 7.75 9.75 5.125
4 6.5 11.75 1.375 2.125 10.375
10.375 1.625 7.625 8.625 5.5 4.875
9.625 4.25 4.25 0.25 11.625 3
3.125 3.5 6.125 11.5 0.375 1
5.5 10.875 7.875 7.75 2.875 12.25
11.25 2.5 0.75 9.875 4 3.75
9.125 11.375 5.125 4.5 0 11.625
7.875 12 2.125 7 3.75 10.125
4.625 7 4.375 11.25 8.625 4.375
4 6.75 10.875 7.625 10.125 12.375
2.625 9.625 5.875 6.75 12.375 4.5
11.625 0.875 10.625 1.5 8.375 2
8.125 6.625 3.375 7.375 12.25 11.75
2.875 0.875 7.375 2.375 9.375 1.625
5.875 8.5 9.875 10.375 10.125 10.75
6.375 6.125 10.5 12 8.875 11.75
2.875 12.375 1.125 2.125 6.875 8.75
6.125 9.875 7.75 6.375 0.75 12
7 2 6.375 2.25 1.375 2.875
12.25 0 9.75 10 9.375 6.625
9.625 3.75 7.25 5.125 10.75 2.125
11.625 5 7.75 4.625 11.5 2.5
3.75 10.75 7.875 5.625 8.75 12.375
0.25 7.875 11.125 5.125 11.875 10.5
9.625 1.25 10.875 3 0.25 10.75
5.375 2.125 10.25 2.625 6.5 1.5
4.125 8.125 12.25 4.75 2.375 1.25
6.5 2.125 8.5 3.25 7.625 0.625
4.875 11.75 5 12.375 6 2.5
7.25 9.875 9.875 8.625 8.875 8
0.75 1.5 12.125 0.5 2 12.25
9.875 0 5 10.375 6.125 8.125
6.375 1.625 3.625 10.5 7.75 3.625
7.5 4.25 1.5 0.125 1.5 4
4.5 11.5 1.875 5.5 10.25 7.5
0.75 1.25 9 2.75 7.75 7.75
8.625 12.25 0.375 4.25 2 7.625
2.625 3.125 0.25 3 11.625 5.625
10.25 2.25 0.25 9.875 6.375 9.125
11.625 7.125 9.375 6.5 9.625 3.375
1.25 7.625 11.625 9.875 9.25 8.375
0.75 5.625 11.75 8.375 8.5 7.875
0.25 6.75 1 4 10.75 6.125
7.5 6.5 2.75 0.125 2.375 9.125
9.75 8.75 10.875 10.875 4.875 10.75
0 8.25 11.125 7.625 3.5 5.25
10.625 4.5 10.125 5.625 6.125 10
12 3.875 10.25 4 11 1.875
8.75 11.875 0.375 6.625 3.875 6
