0.743243 0.189189 0.648649 0.837838 1.05405 0.554054
0.432432 0.702703 1.27027 0.148649 0.22973 1.12162
1.12162 0.175676 0.824324 0.932432 0.594595 0.527027
1.04054 0.459459 0.459459 0.027027 1.25676 0.324324
0.337838 0.378378 0.662162 1.24324 0.0405405 0.108108
0.594595 1.17568 0.851351 0.837838 0.310811 1.32432
1.21622 0.27027 0.0810811 1.06757 0.432432 0.405405
0.986486 1.22973 0.554054 0.486486 0 1.25676
0.851351 1.2973 0.22973 0.756757 0.405405 1.09459
0.5 0.756757 0.472973 1.21622 0.932432 0.472973
0.432432 0.72973 1.17568 0.824324 1.09459 1.33784
0.283784 1.04054 0.635135 0.72973 1.33784 0.486486
1.25676 0.0945946 1.14865 0.162162 0.905405 0.216216
0.878378 0.716216 0.364865 0.797297 1.32432 1.27027
0.310811 0.0945946 0.797297 0.256757 1.01351 0.175676
0.635135 0.918919 1.06757 1.12162 1.09459 1.16216
0.689189 0.662162 1.13514 1.2973 0.959459 1.27027
0.310811 1.33784 0.121622 0.22973 0.743243 0.945946
0.662162 1.06757 0.837838 0.689189 0.0810811 1.2973
0.756757 0.216216 0.689189 0.243243 0.148649 0.310811
1.32432 0 1.05405 1.08108 1.01351 0.716216
1.04054 0.405405 0.783784 0.554054 1.16216 0.22973
1.25676 0.540541 0.837838 0.5 1.24324 0.27027
0.405405 1.16216 0.851351 0.608108 0.945946 1.33784
0.027027 0.851351 1.2027 0.554054 1.28378 1.13514
1.04054 0.135135 1.17568 0.324324 0.027027 1.16216
0.581081 0.22973 1.10811 0.283784 0.702703 0.162162
0.445946 0.878378 1.32432 0.513514 0.256757 0.135135
0.702703 0.22973 0.918919 0.351351 0.824324 0.0675676
0.527027 1.27027 0.540541 1.33784 0.648649 0.27027
0.783784 1.06757 1.06757 0.932432 0.959459 0.864865
0.0810811 0.162162 1.31081 0.0540541 0.216216 1.32432
1.06757 0 0.540541 1.12162 0.662162 0.878378
0.689189 0.175676 0.391892 1.13514 0.837838 0.391892
0.810811 0.459459 0.162162 0.0135135 0.162162 0.432432
0.486486 1.24324 0.202703 0.594595 1.10811 0.810811
0.0810811 0.135135 0.972973 0.297297 0.837838 0.837838
0.932432 1.32432 0.0405405 0.459459 0.216216 0.824324
0.283784 0.337838 0.027027 0.324324 1.25676 0.608108
1.10811 0.243243 0.027027 1.06757 0.689189 0.986486
1.25676 0.77027 1.01351 0.702703 1.04054 0.364865
0.135135 0.824324 1.25676 1.06757 1 0.905405
0.0810811 0.608108 1.27027 0.905405 0.918919 0.851351
0.027027 0.72973 0.108108 0.432432 1.16216 0.662162
0.810811 0.702703 0.297297 0.0135135 0.256757 0.986486
1.05405 0.945946 1.17568 1.17568 0.527027 1.16216
0 0.891892 1.2027 0.824324 0.378378 0.567568
1.14865 0.486486 1.09459 0.608108 0.662162 1.08108
1.2973 0.418919 1.10811 0.432432 1.18919 0.202703
0.945946 1.28378 0.0405405 0.716216 0.418919 0.648649
