1.19565 0.304348 1.04348 1.34783 1.69565 0.891304
0.695652 1.13043 2.04348 0.23913 0.369565 1.80435
1.80435 0.282609 1.32609 1.5 0.956522 0.847826
1.67391 0.73913 0.73913 0.0434783 2.02174 0.521739
0.543478 0.608696 1.06522 2 0.0652174 0.173913
0.956522 1.8913 1.36957 1.34783 0.5 2.13043
1.95652 0.434783 0.130435 1.71739 0.695652 0.652174
1.58696 1.97826 0.891304 0.782609 0 2.02174
1.36957 2.08696 0.369565 1.21739 0.652174 1.76087
0.804348 1.21739 0.76087 1.95652 1.5 0.76087
0.695652 1.17391 1.8913 1.32609 1.76087 2.15217
0.456522 1.67391 1.02174 1.17391 2.15217 0.782609
2.02174 0.152174 1.84783 0.26087 1.45652 0.347826
1.41304 1.15217 0.586957 1.28261 2.13043 2.04348
0.5 0.152174 1.28261 0.413043 1.63043 0.282609
1.02174 1.47826 1.71739 1.80435 1.76087 1.86957
1.1087 1.06522 1.82609 2.08696 1.54348 2.04348
0.5 2.15217 0.195652 0.369565 1.19565 1.52174
1.06522 1.71739 1.34783 1.1087 0.130435 2.08696
1.21739 0.347826 1.1087 0.391304 0.23913 0.5
2.13043 0 1.69565 1.73913 1.63043 1.15217
1.67391 0.652174 1.26087 0.891304 1.86957 0.369565
2.02174 0.869565 1.34783 0.804348 2 0.434783
0.652174 1.86957 1.36957 0.978261 1.52174 2.15217
0.0434783 1.36957 1.93478 0.891304 2.06522 1.82609
1.67391 0.217391 1.8913 0.521739 0.0434783 1.86957
0.934783 0.369565 1.78261 0.456522 1.13043 0.26087
0.717391 1.41304 2.13043 0.826087 0.413043 0.217391
1.13043 0.369565 1.47826 0.565217 1.32609 0.108696
0.847826 2.04348 0.869565 2.15217 1.04348 0.434783
1.26087 1.71739 1.71739 1.5 1.54348 1.3913
0.130435 0.26087 2.1087 0.0869565 0.347826 2.13043
1.71739 0 0.869565 1.80435 1.06522 1.41304
1.1087 0.282609 0.630435 1.82609 1.34783 0.630435
1.30435 0.73913 0.26087 0.0217391 0.26087 0.695652
0.782609 2 0.326087 0.956522 1.78261 1.30435
0.130435 0.217391 1.56522 0.478261 1.34783 1.34783
1.5 2.13043 0.0652174 0.73913 0.347826 1.32609
0.456522 0.543478 0.0434783 0.521739 2.02174 0.978261
1.78261 0.391304 0.0434783 1.71739 1.1087 1.58696
2.02174 1.23913 1.63043 1.13043 1.67391 0.586957
0.217391 1.32609 2.02174 1.71739 1.6087 1.45652
0.130435 0.978261 2.04348 1.45652 1.47826 1.36957
0.0434783 1.17391 0.173913 0.695652 1.86957 1.06522
1.30435 1.13043 0.478261 0.0217391 0.413043 1.58696
1.69565 1.52174 1.8913 1.8913 0.847826 1.86957
0 1.43478 1.93478 1.32609 0.608696 0.913043
1.84783 0.782609 1.76087 0.978261 1.06522 1.73913
2.08696 0.673913 1.78261 0.695652 1.91304 0.326087
1.52174 2.06522 0.0652174 1.15217 0.673913 1.04348
