0.597826 0.152174 0.521739 0.673913 0.847826 0.445652
0.347826 0.565217 1.02174 0.119565 0.184783 0.902174
0.902174 0.141304 0.663043 0.75 0.478261 0.423913
0.836957 0.369565 0.369565 0.0217391 1.01087 0.26087
0.271739 0.304348 0.532609 1 0.0326087 0.0869565
0.478261 0.945652 0.684783 0.673913 0.25 1.06522
0.978261 0.217391 0.0652174 0.858696 0.347826 0.326087
0.793478 0.98913 0.445652 0.391304 0 1.01087
0.684783 1.04348 0.184783 0.608696 0.326087 0.880435
0.402174 0.608696 0.380435 0.978261 0.75 0.380435
0.347826 0.586957 0.945652 0.663043 0.880435 1.07609
0.228261 0.836957 0.51087 0.586957 1.07609 0.391304
1.01087 0.076087 0.923913 0.130435 0.728261 0.173913
0.706522 0.576087 0.293478 0.641304 1.06522 1.02174
0.25 0.076087 0.641304 0.206522 0.815217 0.141304
0.51087 0.73913 0.858696 0.902174 0.880435 0.934783
0.554348 0.532609 0.913043 1.04348 0.771739 1.02174
0.25 1.07609 0.0978261 0.184783 0.597826 0.76087
0.532609 0.858696 0.673913 0.554348 0.0652174 1.04348
0.608696 0.173913 0.554348 0.195652 0.119565 0.25
1.06522 0 0.847826 0.869565 0.815217 0.576087
0.836957 0.326087 0.630435 0.445652 0.934783 0.184783
1.01087 0.434783 0.673913 0.402174 1 0.217391
0.326087 0.934783 0.684783 0.48913 0.76087 1.07609
0.0217391 0.684783 0.967391 0.445652 1.03261 0.913043
0.836957 0.108696 0.945652 0.26087 0.0217391 0.934783
0.467391 0.184783 0.891304 0.228261 0.565217 0.130435
0.358696 0.706522 1.06522 0.413043 0.206522 0.108696
0.565217 0.184783 0.73913 0.282609 0.663043 0.0543478
0.423913 1.02174 0.434783 1.07609 0.521739 0.217391
0.630435 0.858696 0.858696 0.75 0.771739 0.695652
0.0652174 0.130435 1.05435 0.0434783 0.173913 1.06522
0.858696 0 0.434783 0.902174 0.532609 0.706522
0.554348 0.141304 0.315217 0.913043 0.673913 0.315217
0.652174 0.369565 0.130435 0.0108696 0.130435 0.347826
0.391304 1 0.163043 0.478261 0.891304 0.652174
0.0652174 0.108696 0.782609 0.23913 0.673913 0.673913
0.75 1.06522 0.0326087 0.369565 0.173913 0.663043
0.228261 0.271739 0.0217391 0.26087 1.01087 0.48913
0.891304 0.195652 0.0217391 0.858696 0.554348 0.793478
1.01087 0.619565 0.815217 0.565217 0.836957 0.293478
0.108696 0.663043 1.01087 0.858696 0.804348 0.728261
0.0652174 0.48913 1.02174 0.728261 0.73913 0.684783
0.0217391 0.586957 0.0869565 0.347826 0.934783 0.532609
0.652174 0.565217 0.23913 0.0108696 0.206522 0.793478
0.847826 0.76087 0.945652 0.945652 0.423913 0.934783
0 0.717391 0.967391 0.663043 0.304348 0.456522
0.923913 0.391304 0.880435 0.48913 0.532609 0.869565
1.04348 0.336957 0.891304 0.347826 0.956522 0.163043
0.76087 1.03261 0.0326087 0.576087 0.336957 0.521739
