1.25 0.318182 1.09091 1.40909 1.77273 0.931818
0.727273 1.18182 2.13636 0.25 0.386364 1.88636
1.88636 0.295455 1.38636 1.56818 1 0.886364
1.75 0.772727 0.772727 0.0454545 2.11364 0.545455
0.568182 0.636364 1.11364 2.09091 0.0681818 0.181818
1 1.97727 1.43182 1.40909 0.522727 2.22727
2.04545 0.454545 0.136364 1.79545 0.727273 0.681818
1.65909 2.06818 0.931818 0.818182 0 2.11364
1.43182 2.18182 0.386364 1.27273 0.681818 1.84091
0.840909 1.27273 0.795455 2.04545 1.56818 0.795455
0.727273 1.22727 1.97727 1.38636 1.84091 2.25
0.477273 1.75 1.06818 1.22727 2.25 0.818182
2.11364 0.159091 1.93182 0.272727 1.52273 0.363636
1.47727 1.20455 0.613636 1.34091 2.22727 2.13636
0.522727 0.159091 1.34091 0.431818 1.70455 0.295455
1.06818 1.54545 1.79545 1.88636 1.84091 1.95455
1.15909 1.11364 1.90909 2.18182 1.61364 2.13636
0.522727 2.25 0.204545 0.386364 1.25 1.59091
1.11364 1.79545 1.40909 1.15909 0.136364 2.18182
1.27273 0.363636 1.15909 0.409091 0.25 0.522727
2.22727 0 1.77273 1.81818 1.70455 1.20455
1.75 0.681818 1.31818 0.931818 1.95455 0.386364
2.11364 0.909091 1.40909 0.840909 2.09091 0.454545
0.681818 1.95455 1.43182 1.02273 1.59091 2.25
0.0454545 1.43182 2.02273 0.931818 2.15909 1.90909
1.75 0.227273 1.97727 0.545455 0.0454545 1.95455
0.977273 0.386364 1.86364 0.477273 1.18182 0.272727
0.75 1.47727 2.22727 0.863636 0.431818 0.227273
1.18182 0.386364 1.54545 0.590909 1.38636 0.113636
0.886364 2.13636 0.909091 2.25 1.09091 0.454545
1.31818 1.79545 1.79545 1.56818 1.61364 1.45455
0.136364 0.272727 2.20455 0.0909091 0.363636 2.22727
1.79545 0 0.909091 1.88636 1.11364 1.47727
1.15909 0.295455 0.659091 1.90909 1.40909 0.659091
1.36364 0.772727 0.272727 0.0227273 0.272727 0.727273
0.818182 2.09091 0.340909 1 1.86364 1.36364
0.136364 0.227273 1.63636 0.5 1.40909 1.40909
1.56818 2.22727 0.0681818 0.772727 0.363636 1.38636
0.477273 0.568182 0.0454545 0.545455 2.11364 1.02273
1.86364 0.409091 0.0454545 1.79545 1.15909 1.65909
2.11364 1.29545 1.70455 1.18182 1.75 0.613636
0.227273 1.38636 2.11364 1.79545 1.68182 1.52273
0.136364 1.02273 2.13636 1.52273 1.54545 1.43182
0.0454545 1.22727 0.181818 0.727273 1.95455 1.11364
1.36364 1.18182 0.5 0.0227273 0.431818 1.65909
1.77273 1.59091 1.97727 1.97727 0.886364 1.95455
0 1.5 2.02273 1.38636 0.636364 0.954545
1.93182 0.818182 1.84091 1.02273 1.11364 1.81818
2.18182 0.704545 1.86364 0.727273 2 0.340909
1.59091 2.15909 0.0681818 1.20455 0.704545 1.09091
