2.2 0.56 1.92 2.48 3.12 1.64
1.28 2.08 3.76 0.44 0.68 3.32
3.32 0.52 2.44 2.76 1.76 1.56
3.08 1.36 1.36 0.08 3.72 0.96
1 1.12 1.96 3.68 0.12 0.32
1.76 3.48 2.52 2.48 0.92 3.92
3.6 0.8 0.24 3.16 1.28 1.2
2.92 3.64 1.64 1.44 0 3.72
2.52 3.84 0.68 2.24 1.2 3.24
1.48 2.24 1.4 3.6 2.76 1.4
1.28 2.16 3.48 2.44 3.24 3.96
0.84 3.08 1.88 2.16 3.96 1.44
3.72 0.28 3.4 0.48 2.68 0.64
2.6 2.12 1.08 2.36 3.92 3.76
0.92 0.28 2.36 0.76 3 0.52
1.88 2.72 3.16 3.32 3.24 3.44
2.04 1.96 3.36 3.84 2.84 3.76
0.92 3.96 0.36 0.68 2.2 2.8
1.96 3.16 2.48 2.04 0.24 3.84
2.24 0.64 2.04 0.72 0.44 0.92
3.92 0 3.12 3.2 3 2.12
3.08 1.2 2.32 1.64 3.44 0.68
3.72 1.6 2.48 1.48 3.68 0.8
1.2 3.44 2.52 1.8 2.8 3.96
0.08 2.52 3.56 1.64 3.8 3.36
3.08 0.4 3.48 0.96 0.08 3.44
1.72 0.68 3.28 0.84 2.08 0.48
1.32 2.6 3.92 1.52 0.76 0.4
2.08 0.68 2.72 1.04 2.44 0.2
1.56 3.76 1.6 3.96 1.92 0.8
2.32 3.16 3.16 2.76 2.84 2.56
0.24 0.48 3.88 0.16 0.64 3.92
3.16 0 1.6 3.32 1.96 2.6
2.04 0.52 1.16 3.36 2.48 1.16
2.4 1.36 0.48 0.04 0.48 1.28
1.44 3.68 0.6 1.76 3.28 2.4
0.24 0.4 2.88 0.88 2.48 2.48
2.76 3.92 0.12 1.36 0.64 2.44
0.84 1 0.08 0.96 3.72 1.8
3.28 0.72 0.08 3.16 2.04 2.92
3.72 2.28 3 2.08 3.08 1.08
0.4 2.44 3.72 3.16 2.96 2.68
0.24 1.8 3.76 2.68 2.72 2.52
0.08 2.16 0.32 1.28 3.44 1.96
2.4 2.08 0.88 0.04 0.76 2.92
3.12 2.8 3.48 3.48 1.56 3.44
0 2.64 3.56 2.44 1.12 1.68
3.4 1.44 3.24 1.8 1.96 3.2
3.84 1.24 3.28 1.28 3.52 0.6
2.8 3.8 0.12 2.12 1.24 1.92
