0.561224 0.142857 0.489796 0.632653 0.795918 0.418367
0.326531 0.530612 0.959184 0.112245 0.173469 0.846939
0.846939 0.132653 0.622449 0.704082 0.44898 0.397959
0.785714 0.346939 0.346939 0.0204082 0.94898 0.244898
0.255102 0.285714 0.5 0.938776 0.0306122 0.0816327
0.44898 0.887755 0.642857 0.632653 0.234694 1
0.918367 0.204082 0.0612245 0.806122 0.326531 0.306122
0.744898 0.928571 0.418367 0.367347 0 0.94898
0.642857 0.979592 0.173469 0.571429 0.306122 0.826531
0.377551 0.571429 0.357143 0.918367 0.704082 0.357143
0.326531 0.55102 0.887755 0.622449 0.826531 1.0102
0.214286 0.785714 0.479592 0.55102 1.0102 0.367347
0.94898 0.0714286 0.867347 0.122449 0.683673 0.163265
0.663265 0.540816 0.27551 0.602041 1 0.959184
0.234694 0.0714286 0.602041 0.193878 0.765306 0.132653
0.479592 0.693878 0.806122 0.846939 0.826531 0.877551
0.520408 0.5 0.857143 0.979592 0.72449 0.959184
0.234694 1.0102 0.0918367 0.173469 0.561224 0.714286
0.5 0.806122 0.632653 0.520408 0.0612245 0.979592
0.571429 0.163265 0.520408 0.183673 0.112245 0.234694
1 0 0.795918 0.816327 0.765306 0.540816
0.785714 0.306122 0.591837 0.418367 0.877551 0.173469
0.94898 0.408163 0.632653 0.377551 0.938776 0.204082
0.306122 0.877551 0.642857 0.459184 0.714286 1.0102
0.0204082 0.642857 0.908163 0.418367 0.969388 0.857143
0.785714 0.102041 0.887755 0.244898 0.0204082 0.877551
0.438776 0.173469 0.836735 0.214286 0.530612 0.122449
0.336735 0.663265 1 0.387755 0.193878 0.102041
0.530612 0.173469 0.693878 0.265306 0.622449 0.0510204
0.397959 0.959184 0.408163 1.0102 0.489796 0.204082
0.591837 0.806122 0.806122 0.704082 0.72449 0.653061
0.0612245 0.122449 0.989796 0.0408163 0.163265 1
0.806122 0 0.408163 0.846939 0.5 0.663265
0.520408 0.132653 0.295918 0.857143 0.632653 0.295918
0.612245 0.346939 0.122449 0.0102041 0.122449 0.326531
0.367347 0.938776 0.153061 0.44898 0.836735 0.612245
0.0612245 0.102041 0.734694 0.22449 0.632653 0.632653
0.704082 1 0.0306122 0.346939 0.163265 0.622449
0.214286 0.255102 0.0204082 0.244898 0.94898 0.459184
0.836735 0.183673 0.0204082 0.806122 0.520408 0.744898
0.94898 0.581633 0.765306 0.530612 0.785714 0.27551
0.102041 0.622449 0.94898 0.806122 0.755102 0.683673
0.0612245 0.459184 0.959184 0.683673 0.693878 0.642857
0.0204082 0.55102 0.0816327 0.326531 0.877551 0.5
0.612245 0.530612 0.22449 0.0102041 0.193878 0.744898
0.795918 0.714286 0.887755 0.887755 0.397959 0.877551
0 0.673469 0.908163 0.622449 0.285714 0.428571
0.867347 0.367347 0.826531 0.459184 0.5 0.816327
0.979592 0.316327 0.836735 0.326531 0.897959 0.153061
0.714286 0.969388 0.0306122 0.540816 0.316327 0.489796
