2.5 0.636364 2.18182 2.81818 3.54545 1.86364
1.45455 2.36364 4.27273 0.5 0.772727 3.77273
3.77273 0.590909 2.77273 3.13636 2 1.77273
3.5 1.54545 1.54545 0.0909091 4.22727 1.09091
1.13636 1.27273 2.22727 4.18182 0.136364 0.363636
2 3.95455 2.86364 2.81818 1.04545 4.45455
4.09091 0.909091 0.272727 3.59091 1.45455 1.36364
3.31818 4.13636 1.86364 1.63636 0 4.22727
2.86364 4.36364 0.772727 2.54545 1.36364 3.68182
1.68182 2.54545 1.59091 4.09091 3.13636 1.59091
1.45455 2.45455 3.95455 2.77273 3.68182 4.5
0.954545 3.5 2.13636 2.45455 4.5 1.63636
4.22727 0.318182 3.86364 0.545455 3.04545 0.727273
2.95455 2.40909 1.22727 2.68182 4.45455 4.27273
1.04545 0.318182 2.68182 0.863636 3.40909 0.590909
2.13636 3.09091 3.59091 3.77273 3.68182 3.90909
2.31818 2.22727 3.81818 4.36364 3.22727 4.27273
1.04545 4.5 0.409091 0.772727 2.5 3.18182
2.22727 3.59091 2.81818 2.31818 0.272727 4.36364
2.54545 0.727273 2.31818 0.818182 0.5 1.04545
4.45455 0 3.54545 3.63636 3.40909 2.40909
3.5 1.36364 2.63636 1.86364 3.90909 0.772727
4.22727 1.81818 2.81818 1.68182 4.18182 0.909091
1.36364 3.90909 2.86364 2.04545 3.18182 4.5
0.0909091 2.86364 4.04545 1.86364 4.31818 3.81818
3.5 0.454545 3.95455 1.09091 0.0909091 3.90909
1.95455 0.772727 3.72727 0.954545 2.36364 0.545455
1.5 2.95455 4.45455 1.72727 0.863636 0.454545
2.36364 0.772727 3.09091 1.18182 2.77273 0.227273
1.77273 4.27273 1.81818 4.5 2.18182 0.909091
2.63636 3.59091 3.59091 3.13636 3.22727 2.90909
0.272727 0.545455 4.40909 0.181818 0.727273 4.45455
3.59091 0 1.81818 3.77273 2.22727 2.95455
2.31818 0.590909 1.31818 3.81818 2.81818 1.31818
2.72727 1.54545 0.545455 0.0454545 0.545455 1.45455
1.63636 4.18182 0.681818 2 3.72727 2.72727
0.272727 0.454545 3.27273 1 2.81818 2.81818
3.13636 4.45455 0.136364 1.54545 0.727273 2.77273
0.954545 1.13636 0.0909091 1.09091 4.22727 2.04545
3.72727 0.818182 0.0909091 3.59091 2.31818 3.31818
4.22727 2.59091 3.40909 2.36364 3.5 1.22727
0.454545 2.77273 4.22727 3.59091 3.36364 3.04545
0.272727 2.04545 4.27273 3.04545 3.09091 2.86364
0.0909091 2.45455 0.363636 1.45455 3.90909 2.22727
2.72727 2.36364 1 0.0454545 0.863636 3.31818
3.54545 3.18182 3.95455 3.95455 1.77273 3.90909
0 3 4.04545 2.77273 1.27273 1.90909
3.86364 1.63636 3.68182 2.04545 2.22727 3.63636
4.36364 1.40909 3.72727 1.45455 4 0.681818
3.18182 4.31818 0.136364 2.40909 1.40909 2.18182
