1.14583 0.291667 1 1.29167 1.625 0.854167
0.666667 1.08333 1.95833 0.229167 0.354167 1.72917
1.72917 0.270833 1.27083 1.4375 0.916667 0.8125
1.60417 0.708333 0.708333 0.0416667 1.9375 0.5
0.520833 0.583333 1.02083 1.91667 0.0625 0.166667
0.916667 1.8125 1.3125 1.29167 0.479167 2.04167
1.875 0.416667 0.125 1.64583 0.666667 0.625
1.52083 1.89583 0.854167 0.75 0 1.9375
1.3125 2 0.354167 1.16667 0.625 1.6875
0.770833 1.16667 0.729167 1.875 1.4375 0.729167
0.666667 1.125 1.8125 1.27083 1.6875 2.0625
0.4375 1.60417 0.979167 1.125 2.0625 0.75
1.9375 0.145833 1.77083 0.25 1.39583 0.333333
1.35417 1.10417 0.5625 1.22917 2.04167 1.95833
0.479167 0.145833 1.22917 0.395833 1.5625 0.270833
0.979167 1.41667 1.64583 1.72917 1.6875 1.79167
1.0625 1.02083 1.75 2 1.47917 1.95833
0.479167 2.0625 0.1875 0.354167 1.14583 1.45833
1.02083 1.64583 1.29167 1.0625 0.125 2
1.16667 0.333333 1.0625 0.375 0.229167 0.479167
2.04167 0 1.625 1.66667 1.5625 1.10417
1.60417 0.625 1.20833 0.854167 1.79167 0.354167
1.9375 0.833333 1.29167 0.770833 1.91667 0.416667
0.625 1.79167 1.3125 0.9375 1.45833 2.0625
0.0416667 1.3125 1.85417 0.854167 1.97917 1.75
1.60417 0.208333 1.8125 0.5 0.0416667 1.79167
0.895833 0.354167 1.70833 0.4375 1.08333 0.25
0.6875 1.35417 2.04167 0.791667 0.395833 0.208333
1.08333 0.354167 1.41667 0.541667 1.27083 0.104167
0.8125 1.95833 0.833333 2.0625 1 0.416667
1.20833 1.64583 1.64583 1.4375 1.47917 1.33333
0.125 0.25 2.02083 0.0833333 0.333333 2.04167
1.64583 0 0.833333 1.72917 1.02083 1.35417
1.0625 0.270833 0.604167 1.75 1.29167 0.604167
1.25 0.708333 0.25 0.0208333 0.25 0.666667
0.75 1.91667 0.3125 0.916667 1.70833 1.25
0.125 0.208333 1.5 0.458333 1.29167 1.29167
1.4375 2.04167 0.0625 0.708333 0.333333 1.27083
0.4375 0.520833 0.0416667 0.5 1.9375 0.9375
1.70833 0.375 0.0416667 1.64583 1.0625 1.52083
1.9375 1.1875 1.5625 1.08333 1.60417 0.5625
0.208333 1.27083 1.9375 1.64583 1.54167 1.39583
0.125 0.9375 1.95833 1.39583 1.41667 1.3125
0.0416667 1.125 0.166667 0.666667 1.79167 1.02083
1.25 1.08333 0.458333 0.0208333 0.395833 1.52083
1.625 1.45833 1.8125 1.8125 0.8125 1.79167
0 1.375 1.85417 1.27083 0.583333 0.875
1.77083 0.75 1.6875 0.9375 1.02083 1.66667
2 0.645833 1.70833 0.666667 1.83333 0.3125
1.45833 1.97917 0.0625 1.10417 0.645833 1
