2.75 0.7 2.4 3.1 3.9 2.05
1.6 2.6 4.7 0.55 0.85 4.15
4.15 0.65 3.05 3.45 2.2 1.95
3.85 1.7 1.7 0.1 4.65 1.2
1.25 1.4 2.45 4.6 0.15 0.4
2.2 4.35 3.15 3.1 1.15 4.9
4.5 1 0.3 3.95 1.6 1.5
3.65 4.55 2.05 1.8 0 4.65
3.15 4.8 0.85 2.8 1.5 4.05
1.85 2.8 1.75 4.5 3.45 1.75
1.6 2.7 4.35 3.05 4.05 4.95
1.05 3.85 2.35 2.7 4.95 1.8
4.65 0.35 4.25 0.6 3.35 0.8
3.25 2.65 1.35 2.95 4.9 4.7
1.15 0.35 2.95 0.95 3.75 0.65
2.35 3.4 3.95 4.15 4.05 4.3
2.55 2.45 4.2 4.8 3.55 4.7
1.15 4.95 0.45 0.85 2.75 3.5
2.45 3.95 3.1 2.55 0.3 4.8
2.8 0.8 2.55 0.9 0.55 1.15
4.9 0 3.9 4 3.75 2.65
3.85 1.5 2.9 2.05 4.3 0.85
4.65 2 3.1 1.85 4.6 1
1.5 4.3 3.15 2.25 3.5 4.95
0.1 3.15 4.45 2.05 4.75 4.2
3.85 0.5 4.35 1.2 0.1 4.3
2.15 0.85 4.1 1.05 2.6 0.6
1.65 3.25 4.9 1.9 0.95 0.5
2.6 0.85 3.4 1.3 3.05 0.25
1.95 4.7 2 4.95 2.4 1
2.9 3.95 3.95 3.45 3.55 3.2
0.3 0.6 4.85 0.2 0.8 4.9
3.95 0 2 4.15 2.45 3.25
2.55 0.65 1.45 4.2 3.1 1.45
3 1.7 0.6 0.05 0.6 1.6
1.8 4.6 0.75 2.2 4.1 3
0.3 0.5 3.6 1.1 3.1 3.1
3.45 4.9 0.15 1.7 0.8 3.05
1.05 1.25 0.1 1.2 4.65 2.25
4.1 0.9 0.1 3.95 2.55 3.65
4.65 2.85 3.75 2.6 3.85 1.35
0.5 3.05 4.65 3.95 3.7 3.35
0.3 2.25 4.7 3.35 3.4 3.15
0.1 2.7 0.4 1.6 4.3 2.45
3 2.6 1.1 0.05 0.95 3.65
3.9 3.5 4.35 4.35 1.95 4.3
0 3.3 4.45 3.05 1.4 2.1
4.25 1.8 4.05 2.25 2.45 4
4.8 1.55 4.1 1.6 4.4 0.75
3.5 4.75 0.15 2.65 1.55 2.4
