1.05769 0.269231 0.923077 1.19231 1.5 0.788462
0.615385 1 1.80769 0.211538 0.326923 1.59615
1.59615 0.25 1.17308 1.32692 0.846154 0.75
1.48077 0.653846 0.653846 0.0384615 1.78846 0.461538
0.480769 0.538462 0.942308 1.76923 0.0576923 0.153846
0.846154 1.67308 1.21154 1.19231 0.442308 1.88462
1.73077 0.384615 0.115385 1.51923 0.615385 0.576923
1.40385 1.75 0.788462 0.692308 0 1.78846
1.21154 1.84615 0.326923 1.07692 0.576923 1.55769
0.711538 1.07692 0.673077 1.73077 1.32692 0.673077
0.615385 1.03846 1.67308 1.17308 1.55769 1.90385
0.403846 1.48077 0.903846 1.03846 1.90385 0.692308
1.78846 0.134615 1.63462 0.230769 1.28846 0.307692
1.25 1.01923 0.519231 1.13462 1.88462 1.80769
0.442308 0.134615 1.13462 0.365385 1.44231 0.25
0.903846 1.30769 1.51923 1.59615 1.55769 1.65385
0.980769 0.942308 1.61538 1.84615 1.36538 1.80769
0.442308 1.90385 0.173077 0.326923 1.05769 1.34615
0.942308 1.51923 1.19231 0.980769 0.115385 1.84615
1.07692 0.307692 0.980769 0.346154 0.211538 0.442308
1.88462 0 1.5 1.53846 1.44231 1.01923
1.48077 0.576923 1.11538 0.788462 1.65385 0.326923
1.78846 0.769231 1.19231 0.711538 1.76923 0.384615
0.576923 1.65385 1.21154 0.865385 1.34615 1.90385
0.0384615 1.21154 1.71154 0.788462 1.82692 1.61538
1.48077 0.192308 1.67308 0.461538 0.0384615 1.65385
0.826923 0.326923 1.57692 0.403846 1 0.230769
0.634615 1.25 1.88462 0.730769 0.365385 0.192308
1 0.326923 1.30769 0.5 1.17308 0.0961538
0.75 1.80769 0.769231 1.90385 0.923077 0.384615
1.11538 1.51923 1.51923 1.32692 1.36538 1.23077
0.115385 0.230769 1.86538 0.0769231 0.307692 1.88462
1.51923 0 0.769231 1.59615 0.942308 1.25
0.980769 0.25 0.557692 1.61538 1.19231 0.557692
1.15385 0.653846 0.230769 0.0192308 0.230769 0.615385
0.692308 1.76923 0.288462 0.846154 1.57692 1.15385
0.115385 0.192308 1.38462 0.423077 1.19231 1.19231
1.32692 1.88462 0.0576923 0.653846 0.307692 1.17308
0.403846 0.480769 0.0384615 0.461538 1.78846 0.865385
1.57692 0.346154 0.0384615 1.51923 0.980769 1.40385
1.78846 1.09615 1.44231 1 1.48077 0.519231
0.192308 1.17308 1.78846 1.51923 1.42308 1.28846
0.115385 0.865385 1.80769 1.28846 1.30769 1.21154
0.0384615 1.03846 0.153846 0.615385 1.65385 0.942308
1.15385 1 0.423077 0.0192308 0.365385 1.40385
1.5 1.34615 1.67308 1.67308 0.75 1.65385
0 1.26923 1.71154 1.17308 0.538462 0.807692
1.63462 0.692308 1.55769 0.865385 0.942308 1.53846
1.84615 0.596154 1.57692 0.615385 1.69231 0.288462
1.34615 1.82692 0.0576923 1.01923 0.596154 0.923077
