0.763889 0.194444 0.666667 0.861111 1.08333 0.569444
0.444444 0.722222 1.30556 0.152778 0.236111 1.15278
1.15278 0.180556 0.847222 0.958333 0.611111 0.541667
1.06944 0.472222 0.472222 0.0277778 1.29167 0.333333
0.347222 0.388889 0.680556 1.27778 0.0416667 0.111111
0.611111 1.20833 0.875 0.861111 0.319444 1.36111
1.25 0.277778 0.0833333 1.09722 0.444444 0.416667
1.01389 1.26389 0.569444 0.5 0 1.29167
0.875 1.33333 0.236111 0.777778 0.416667 1.125
0.513889 0.777778 0.486111 1.25 0.958333 0.486111
0.444444 0.75 1.20833 0.847222 1.125 1.375
0.291667 1.06944 0.652778 0.75 1.375 0.5
1.29167 0.0972222 1.18056 0.166667 0.930556 0.222222
0.902778 0.736111 0.375 0.819444 1.36111 1.30556
0.319444 0.0972222 0.819444 0.263889 1.04167 0.180556
0.652778 0.944444 1.09722 1.15278 1.125 1.19444
0.708333 0.680556 1.16667 1.33333 0.986111 1.30556
0.319444 1.375 0.125 0.236111 0.763889 0.972222
0.680556 1.09722 0.861111 0.708333 0.0833333 1.33333
0.777778 0.222222 0.708333 0.25 0.152778 0.319444
1.36111 0 1.08333 1.11111 1.04167 0.736111
1.06944 0.416667 0.805556 0.569444 1.19444 0.236111
1.29167 0.555556 0.861111 0.513889 1.27778 0.277778
0.416667 1.19444 0.875 0.625 0.972222 1.375
0.0277778 0.875 1.23611 0.569444 1.31944 1.16667
1.06944 0.138889 1.20833 0.333333 0.0277778 1.19444
0.597222 0.236111 1.13889 0.291667 0.722222 0.166667
0.458333 0.902778 1.36111 0.527778 0.263889 0.138889
0.722222 0.236111 0.944444 0.361111 0.847222 0.0694444
0.541667 1.30556 0.555556 1.375 0.666667 0.277778
0.805556 1.09722 1.09722 0.958333 0.986111 0.888889
0.0833333 0.166667 1.34722 0.0555556 0.222222 1.36111
1.09722 0 0.555556 1.15278 0.680556 0.902778
0.708333 0.180556 0.402778 1.16667 0.861111 0.402778
0.833333 0.472222 0.166667 0.0138889 0.166667 0.444444
0.5 1.27778 0.208333 0.611111 1.13889 0.833333
0.0833333 0.138889 1 0.305556 0.861111 0.861111
0.958333 1.36111 0.0416667 0.472222 0.222222 0.847222
0.291667 0.347222 0.0277778 0.333333 1.29167 0.625
1.13889 0.25 0.0277778 1.09722 0.708333 1.01389
1.29167 0.791667 1.04167 0.722222 1.06944 0.375
0.138889 0.847222 1.29167 1.09722 1.02778 0.930556
0.0833333 0.625 1.30556 0.930556 0.944444 0.875
0.0277778 0.75 0.111111 0.444444 1.19444 0.680556
0.833333 0.722222 0.305556 0.0138889 0.263889 1.01389
1.08333 0.972222 1.20833 1.20833 0.541667 1.19444
0 0.916667 1.23611 0.847222 0.388889 0.583333
1.18056 0.5 1.125 0.625 0.680556 1.11111
1.33333 0.430556 1.13889 0.444444 1.22222 0.208333
0.972222 1.31944 0.0416667 0.736111 0.430556 0.666667
