3.05556 0.777778 2.66667 3.44444 4.33333 2.27778
1.77778 2.88889 5.22222 0.611111 0.944444 4.61111
4.61111 0.722222 3.38889 3.83333 2.44444 2.16667
4.27778 1.88889 1.88889 0.111111 5.16667 1.33333
1.38889 1.55556 2.72222 5.11111 0.166667 0.444444
2.44444 4.83333 3.5 3.44444 1.27778 5.44444
5 1.11111 0.333333 4.38889 1.77778 1.66667
4.05556 5.05556 2.27778 2 0 5.16667
3.5 5.33333 0.944444 3.11111 1.66667 4.5
2.05556 3.11111 1.94444 5 3.83333 1.94444
1.77778 3 4.83333 3.38889 4.5 5.5
1.16667 4.27778 2.61111 3 5.5 2
5.16667 0.388889 4.72222 0.666667 3.72222 0.888889
3.61111 2.94444 1.5 3.27778 5.44444 5.22222
1.27778 0.388889 3.27778 1.05556 4.16667 0.722222
2.61111 3.77778 4.38889 4.61111 4.5 4.77778
2.83333 2.72222 4.66667 5.33333 3.94444 5.22222
1.27778 5.5 0.5 0.944444 3.05556 3.88889
2.72222 4.38889 3.44444 2.83333 0.333333 5.33333
3.11111 0.888889 2.83333 1 0.611111 1.27778
5.44444 0 4.33333 4.44444 4.16667 2.94444
4.27778 1.66667 3.22222 2.27778 4.77778 0.944444
5.16667 2.22222 3.44444 2.05556 5.11111 1.11111
1.66667 4.77778 3.5 2.5 3.88889 5.5
0.111111 3.5 4.94444 2.27778 5.27778 4.66667
4.27778 0.555556 4.83333 1.33333 0.111111 4.77778
2.38889 0.944444 4.55556 1.16667 2.88889 0.666667
1.83333 3.61111 5.44444 2.11111 1.05556 0.555556
2.88889 0.944444 3.77778 1.44444 3.38889 0.277778
2.16667 5.22222 2.22222 5.5 2.66667 1.11111
3.22222 4.38889 4.38889 3.83333 3.94444 3.55556
0.333333 0.666667 5.38889 0.222222 0.888889 5.44444
4.38889 0 2.22222 4.61111 2.72222 3.61111
2.83333 0.722222 1.61111 4.66667 3.44444 1.61111
3.33333 1.88889 0.666667 0.0555556 0.666667 1.77778
2 5.11111 0.833333 2.44444 4.55556 3.33333
0.333333 0.555556 4 1.22222 3.44444 3.44444
3.83333 5.44444 0.166667 1.88889 0.888889 3.38889
1.16667 1.38889 0.111111 1.33333 5.16667 2.5
4.55556 1 0.111111 4.38889 2.83333 4.05556
5.16667 3.16667 4.16667 2.88889 4.27778 1.5
0.555556 3.38889 5.16667 4.38889 4.11111 3.72222
0.333333 2.5 5.22222 3.72222 3.77778 3.5
0.111111 3 0.444444 1.77778 4.77778 2.72222
3.33333 2.88889 1.22222 0.0555556 1.05556 4.05556
4.33333 3.88889 4.83333 4.83333 2.16667 4.77778
0 3.66667 4.94444 3.38889 1.55556 2.33333
4.72222 2 4.5 2.5 2.72222 4.44444
5.33333 1.72222 4.55556 1.77778 4.88889 0.833333
3.88889 5.27778 0.166667 2.94444 1.72222 2.66667
