2.29167 0.583333 2 2.58333 3.25 1.70833
1.33333 2.16667 3.91667 0.458333 0.708333 3.45833
3.45833 0.541667 2.54167 2.875 1.83333 1.625
3.20833 1.41667 1.41667 0.0833333 3.875 1
1.04167 1.16667 2.04167 3.83333 0.125 0.333333
1.83333 3.625 2.625 2.58333 0.958333 4.08333
3.75 0.833333 0.25 3.29167 1.33333 1.25
3.04167 3.79167 1.70833 1.5 0 3.875
2.625 4 0.708333 2.33333 1.25 3.375
1.54167 2.33333 1.45833 3.75 2.875 1.45833
1.33333 2.25 3.625 2.54167 3.375 4.125
0.875 3.20833 1.95833 2.25 4.125 1.5
3.875 0.291667 3.54167 0.5 2.79167 0.666667
2.70833 2.20833 1.125 2.45833 4.08333 3.91667
0.958333 0.291667 2.45833 0.791667 3.125 0.541667
1.95833 2.83333 3.29167 3.45833 3.375 3.58333
2.125 2.04167 3.5 4 2.95833 3.91667
0.958333 4.125 0.375 0.708333 2.29167 2.91667
2.04167 3.29167 2.58333 2.125 0.25 4
2.33333 0.666667 2.125 0.75 0.458333 0.958333
4.08333 0 3.25 3.33333 3.125 2.20833
3.20833 1.25 2.41667 1.70833 3.58333 0.708333
3.875 1.66667 2.58333 1.54167 3.83333 0.833333
1.25 3.58333 2.625 1.875 2.91667 4.125
0.0833333 2.625 3.70833 1.70833 3.95833 3.5
3.20833 0.416667 3.625 1 0.0833333 3.58333
1.79167 0.708333 3.41667 0.875 2.16667 0.5
1.375 2.70833 4.08333 1.58333 0.791667 0.416667
2.16667 0.708333 2.83333 1.08333 2.54167 0.208333
1.625 3.91667 1.66667 4.125 2 0.833333
2.41667 3.29167 3.29167 2.875 2.95833 2.66667
0.25 0.5 4.04167 0.166667 0.666667 4.08333
3.29167 0 1.66667 3.45833 2.04167 2.70833
2.125 0.541667 1.20833 3.5 2.58333 1.20833
2.5 1.41667 0.5 0.0416667 0.5 1.33333
1.5 3.83333 0.625 1.83333 3.41667 2.5
0.25 0.416667 3 0.916667 2.58333 2.58333
2.875 4.08333 0.125 1.41667 0.666667 2.54167
0.875 1.04167 0.0833333 1 3.875 1.875
3.41667 0.75 0.0833333 3.29167 2.125 3.04167
3.875 2.375 3.125 2.16667 3.20833 1.125
0.416667 2.54167 3.875 3.29167 3.08333 2.79167
0.25 1.875 3.91667 2.79167 2.83333 2.625
0.0833333 2.25 0.333333 1.33333 3.58333 2.04167
2.5 2.16667 0.916667 0.0416667 0.791667 3.04167
3.25 2.91667 3.625 3.625 1.625 3.58333
0 2.75 3.70833 2.54167 1.16667 1.75
3.54167 1.5 3.375 1.875 2.04167 3.33333
4 1.29167 3.41667 1.33333 3.66667 0.625
2.91667 3.95833 0.125 2.20833 1.29167 2
