0.632184 0.16092 0.551724 0.712644 0.896552 0.471264
0.367816 0.597701 1.08046 0.126437 0.195402 0.954023
0.954023 0.149425 0.701149 0.793103 0.505747 0.448276
0.885057 0.390805 0.390805 0.0229885 1.06897 0.275862
0.287356 0.321839 0.563218 1.05747 0.0344828 0.091954
0.505747 1 0.724138 0.712644 0.264368 1.12644
1.03448 0.229885 0.0689655 0.908046 0.367816 0.344828
0.83908 1.04598 0.471264 0.413793 0 1.06897
0.724138 1.10345 0.195402 0.643678 0.344828 0.931034
0.425287 0.643678 0.402299 1.03448 0.793103 0.402299
0.367816 0.62069 1 0.701149 0.931034 1.13793
0.241379 0.885057 0.54023 0.62069 1.13793 0.413793
1.06897 0.0804598 0.977011 0.137931 0.770115 0.183908
0.747126 0.609195 0.310345 0.678161 1.12644 1.08046
0.264368 0.0804598 0.678161 0.218391 0.862069 0.149425
0.54023 0.781609 0.908046 0.954023 0.931034 0.988506
0.586207 0.563218 0.965517 1.10345 0.816092 1.08046
0.264368 1.13793 0.103448 0.195402 0.632184 0.804598
0.563218 0.908046 0.712644 0.586207 0.0689655 1.10345
0.643678 0.183908 0.586207 0.206897 0.126437 0.264368
1.12644 0 0.896552 0.91954 0.862069 0.609195
0.885057 0.344828 0.666667 0.471264 0.988506 0.195402
1.06897 0.45977 0.712644 0.425287 1.05747 0.229885
0.344828 0.988506 0.724138 0.517241 0.804598 1.13793
0.0229885 0.724138 1.02299 0.471264 1.09195 0.965517
0.885057 0.114943 1 0.275862 0.0229885 0.988506
0.494253 0.195402 0.942529 0.241379 0.597701 0.137931
0.37931 0.747126 1.12644 0.436782 0.218391 0.114943
0.597701 0.195402 0.781609 0.298851 0.701149 0.0574713
0.448276 1.08046 0.45977 1.13793 0.551724 0.229885
0.666667 0.908046 0.908046 0.793103 0.816092 0.735632
0.0689655 0.137931 1.11494 0.045977 0.183908 1.12644
0.908046 0 0.45977 0.954023 0.563218 0.747126
0.586207 0.149425 0.333333 0.965517 0.712644 0.333333
0.689655 0.390805 0.137931 0.0114943 0.137931 0.367816
0.413793 1.05747 0.172414 0.505747 0.942529 0.689655
0.0689655 0.114943 0.827586 0.252874 0.712644 0.712644
0.793103 1.12644 0.0344828 0.390805 0.183908 0.701149
0.241379 0.287356 0.0229885 0.275862 1.06897 0.517241
0.942529 0.206897 0.0229885 0.908046 0.586207 0.83908
1.06897 0.655172 0.862069 0.597701 0.885057 0.310345
0.114943 0.701149 1.06897 0.908046 0.850575 0.770115
0.0689655 0.517241 1.08046 0.770115 0.781609 0.724138
0.0229885 0.62069 0.091954 0.367816 0.988506 0.563218
0.689655 0.597701 0.252874 0.0114943 0.218391 0.83908
0.896552 0.804598 1 1 0.448276 0.988506
0 0.758621 1.02299 0.701149 0.321839 0.482759
0.977011 0.413793 0.931034 0.517241 0.563218 0.91954
1.10345 0.356322 0.942529 0.367816 1.01149 0.172414
0.804598 1.09195 0.0344828 0.609195 0.356322 0.551724
