2.11538 0.538462 1.84615 2.38462 3 1.57692
1.23077 2 3.61538 0.423077 0.653846 3.19231
3.19231 0.5 2.34615 2.65385 1.69231 1.5
2.96154 1.30769 1.30769 0.0769231 3.57692 0.923077
0.961538 1.07692 1.88462 3.53846 0.115385 0.307692
1.69231 3.34615 2.42308 2.38462 0.884615 3.76923
3.46154 0.769231 0.230769 3.03846 1.23077 1.15385
2.80769 3.5 1.57692 1.38462 0 3.57692
2.42308 3.69231 0.653846 2.15385 1.15385 3.11538
1.42308 2.15385 1.34615 3.46154 2.65385 1.34615
1.23077 2.07692 3.34615 2.34615 3.11538 3.80769
0.807692 2.96154 1.80769 2.07692 3.80769 1.38462
3.57692 0.269231 3.26923 0.461538 2.57692 0.615385
2.5 2.03846 1.03846 2.26923 3.76923 3.61538
0.884615 0.269231 2.26923 0.730769 2.88462 0.5
1.80769 2.61538 3.03846 3.19231 3.11538 3.30769
1.96154 1.88462 3.23077 3.69231 2.73077 3.61538
0.884615 3.80769 0.346154 0.653846 2.11538 2.69231
1.88462 3.03846 2.38462 1.96154 0.230769 3.69231
2.15385 0.615385 1.96154 0.692308 0.423077 0.884615
3.76923 0 3 3.07692 2.88462 2.03846
2.96154 1.15385 2.23077 1.57692 3.30769 0.653846
3.57692 1.53846 2.38462 1.42308 3.53846 0.769231
1.15385 3.30769 2.42308 1.73077 2.69231 3.80769
0.0769231 2.42308 3.42308 1.57692 3.65385 3.23077
2.96154 0.384615 3.34615 0.923077 0.0769231 3.30769
1.65385 0.653846 3.15385 0.807692 2 0.461538
1.26923 2.5 3.76923 1.46154 0.730769 0.384615
2 0.653846 2.61538 1 2.34615 0.192308
1.5 3.61538 1.53846 3.80769 1.84615 0.769231
2.23077 3.03846 3.03846 2.65385 2.73077 2.46154
0.230769 0.461538 3.73077 0.153846 0.615385 3.76923
3.03846 0 1.53846 3.19231 1.88462 2.5
1.96154 0.5 1.11538 3.23077 2.38462 1.11538
2.30769 1.30769 0.461538 0.0384615 0.461538 1.23077
1.38462 3.53846 0.576923 1.69231 3.15385 2.30769
0.230769 0.384615 2.76923 0.846154 2.38462 2.38462
2.65385 3.76923 0.115385 1.30769 0.615385 2.34615
0.807692 0.961538 0.0769231 0.923077 3.57692 1.73077
3.15385 0.692308 0.0769231 3.03846 1.96154 2.80769
3.57692 2.19231 2.88462 2 2.96154 1.03846
0.384615 2.34615 3.57692 3.03846 2.84615 2.57692
0.230769 1.73077 3.61538 2.57692 2.61538 2.42308
0.0769231 2.07692 0.307692 1.23077 3.30769 1.88462
2.30769 2 0.846154 0.0384615 0.730769 2.80769
3 2.69231 3.34615 3.34615 1.5 3.30769
0 2.53846 3.42308 2.34615 1.07692 1.61538
3.26923 1.38462 3.11538 1.73077 1.88462 3.07692
3.69231 1.19231 3.15385 1.23077 3.38462 0.576923
2.69231 3.65385 0.115385 2.03846 1.19231 1.84615
