0.555556 0.141414 0.484848 0.626263 0.787879 0.414141
0.323232 0.525253 0.949495 0.111111 0.171717 0.838384
0.838384 0.131313 0.616162 0.69697 0.444444 0.393939
0.777778 0.343434 0.343434 0.020202 0.939394 0.242424
0.252525 0.282828 0.494949 0.929293 0.030303 0.0808081
0.444444 0.878788 0.636364 0.626263 0.232323 0.989899
0.909091 0.20202 0.0606061 0.79798 0.323232 0.30303
0.737374 0.919192 0.414141 0.363636 0 0.939394
0.636364 0.969697 0.171717 0.565657 0.30303 0.818182
0.373737 0.565657 0.353535 0.909091 0.69697 0.353535
0.323232 0.545455 0.878788 0.616162 0.818182 1
0.212121 0.777778 0.474747 0.545455 1 0.363636
0.939394 0.0707071 0.858586 0.121212 0.676768 0.161616
0.656566 0.535354 0.272727 0.59596 0.989899 0.949495
0.232323 0.0707071 0.59596 0.191919 0.757576 0.131313
0.474747 0.686869 0.79798 0.838384 0.818182 0.868687
0.515152 0.494949 0.848485 0.969697 0.717172 0.949495
0.232323 1 0.0909091 0.171717 0.555556 0.707071
0.494949 0.79798 0.626263 0.515152 0.0606061 0.969697
0.565657 0.161616 0.515152 0.181818 0.111111 0.232323
0.989899 0 0.787879 0.808081 0.757576 0.535354
0.777778 0.30303 0.585859 0.414141 0.868687 0.171717
0.939394 0.40404 0.626263 0.373737 0.929293 0.20202
0.30303 0.868687 0.636364 0.454545 0.707071 1
0.020202 0.636364 0.89899 0.414141 0.959596 0.848485
0.777778 0.10101 0.878788 0.242424 0.020202 0.868687
0.434343 0.171717 0.828283 0.212121 0.525253 0.121212
0.333333 0.656566 0.989899 0.383838 0.191919 0.10101
0.525253 0.171717 0.686869 0.262626 0.616162 0.0505051
0.393939 0.949495 0.40404 1 0.484848 0.20202
0.585859 0.79798 0.79798 0.69697 0.717172 0.646465
0.0606061 0.121212 0.979798 0.040404 0.161616 0.989899
0.79798 0 0.40404 0.838384 0.494949 0.656566
0.515152 0.131313 0.292929 0.848485 0.626263 0.292929
0.606061 0.343434 0.121212 0.010101 0.121212 0.323232
0.363636 0.929293 0.151515 0.444444 0.828283 0.606061
0.0606061 0.10101 0.727273 0.222222 0.626263 0.626263
0.69697 0.989899 0.030303 0.343434 0.161616 0.616162
0.212121 0.252525 0.020202 0.242424 0.939394 0.454545
0.828283 0.181818 0.020202 0.79798 0.515152 0.737374
0.939394 0.575758 0.757576 0.525253 0.777778 0.272727
0.10101 0.616162 0.939394 0.79798 0.747475 0.676768
0.0606061 0.454545 0.949495 0.676768 0.686869 0.636364
0.020202 0.545455 0.0808081 0.323232 0.868687 0.494949
0.606061 0.525253 0.222222 0.010101 0.191919 0.737374
0.787879 0.707071 0.878788 0.878788 0.393939 0.868687
0 0.666667 0.89899 0.616162 0.282828 0.424242
0.858586 0.363636 0.818182 0.454545 0.494949 0.808081
0.969697 0.313131 0.828283 0.323232 0.888889 0.151515
0.707071 0.959596 0.030303 0.535354 0.313131 0.484848
