1.83333 0.466667 1.6 2.06667 2.6 1.36667
1.06667 1.73333 3.13333 0.366667 0.566667 2.76667
2.76667 0.433333 2.03333 2.3 1.46667 1.3
2.56667 1.13333 1.13333 0.0666667 3.1 0.8
0.833333 0.933333 1.63333 3.06667 0.1 0.266667
1.46667 2.9 2.1 2.06667 0.766667 3.26667
3 0.666667 0.2 2.63333 1.06667 1
2.43333 3.03333 1.36667 1.2 0 3.1
2.1 3.2 0.566667 1.86667 1 2.7
1.23333 1.86667 1.16667 3 2.3 1.16667
1.06667 1.8 2.9 2.03333 2.7 3.3
0.7 2.56667 1.56667 1.8 3.3 1.2
3.1 0.233333 2.83333 0.4 2.23333 0.533333
2.16667 1.76667 0.9 1.96667 3.26667 3.13333
0.766667 0.233333 1.96667 0.633333 2.5 0.433333
1.56667 2.26667 2.63333 2.76667 2.7 2.86667
1.7 1.63333 2.8 3.2 2.36667 3.13333
0.766667 3.3 0.3 0.566667 1.83333 2.33333
1.63333 2.63333 2.06667 1.7 0.2 3.2
1.86667 0.533333 1.7 0.6 0.366667 0.766667
3.26667 0 2.6 2.66667 2.5 1.76667
2.56667 1 1.93333 1.36667 2.86667 0.566667
3.1 1.33333 2.06667 1.23333 3.06667 0.666667
1 2.86667 2.1 1.5 2.33333 3.3
0.0666667 2.1 2.96667 1.36667 3.16667 2.8
2.56667 0.333333 2.9 0.8 0.0666667 2.86667
1.43333 0.566667 2.73333 0.7 1.73333 0.4
1.1 2.16667 3.26667 1.26667 0.633333 0.333333
1.73333 0.566667 2.26667 0.866667 2.03333 0.166667
1.3 3.13333 1.33333 3.3 1.6 0.666667
1.93333 2.63333 2.63333 2.3 2.36667 2.13333
0.2 0.4 3.23333 0.133333 0.533333 3.26667
2.63333 0 1.33333 2.76667 1.63333 2.16667
1.7 0.433333 0.966667 2.8 2.06667 0.966667
2 1.13333 0.4 0.0333333 0.4 1.06667
1.2 3.06667 0.5 1.46667 2.73333 2
0.2 0.333333 2.4 0.733333 2.06667 2.06667
2.3 3.26667 0.1 1.13333 0.533333 2.03333
0.7 0.833333 0.0666667 0.8 3.1 1.5
2.73333 0.6 0.0666667 2.63333 1.7 2.43333
3.1 1.9 2.5 1.73333 2.56667 0.9
0.333333 2.03333 3.1 2.63333 2.46667 2.23333
0.2 1.5 3.13333 2.23333 2.26667 2.1
0.0666667 1.8 0.266667 1.06667 2.86667 1.63333
2 1.73333 0.733333 0.0333333 0.633333 2.43333
2.6 2.33333 2.9 2.9 1.3 2.86667
0 2.2 2.96667 2.03333 0.933333 1.4
2.83333 1.2 2.7 1.5 1.63333 2.66667
3.2 1.03333 2.73333 1.06667 2.93333 0.5
2.33333 3.16667 0.1 1.76667 1.03333 1.6
