3.4375 0.875 3 3.875 4.875 2.5625
2 3.25 5.875 0.6875 1.0625 5.1875
5.1875 0.8125 3.8125 4.3125 2.75 2.4375
4.8125 2.125 2.125 0.125 5.8125 1.5
1.5625 1.75 3.0625 5.75 0.1875 0.5
2.75 5.4375 3.9375 3.875 1.4375 6.125
5.625 1.25 0.375 4.9375 2 1.875
4.5625 5.6875 2.5625 2.25 0 5.8125
3.9375 6 1.0625 3.5 1.875 5.0625
2.3125 3.5 2.1875 5.625 4.3125 2.1875
2 3.375 5.4375 3.8125 5.0625 6.1875
1.3125 4.8125 2.9375 3.375 6.1875 2.25
5.8125 0.4375 5.3125 0.75 4.1875 1
4.0625 3.3125 1.6875 3.6875 6.125 5.875
1.4375 0.4375 3.6875 1.1875 4.6875 0.8125
2.9375 4.25 4.9375 5.1875 5.0625 5.375
3.1875 3.0625 5.25 6 4.4375 5.875
1.4375 6.1875 0.5625 1.0625 3.4375 4.375
3.0625 4.9375 3.875 3.1875 0.375 6
3.5 1 3.1875 1.125 0.6875 1.4375
6.125 0 4.875 5 4.6875 3.3125
4.8125 1.875 3.625 2.5625 5.375 1.0625
5.8125 2.5 3.875 2.3125 5.75 1.25
1.875 5.375 3.9375 2.8125 4.375 6.1875
0.125 3.9375 5.5625 2.5625 5.9375 5.25
4.8125 0.625 5.4375 1.5 0.125 5.375
2.6875 1.0625 5.125 1.3125 3.25 0.75
2.0625 4.0625 6.125 2.375 1.1875 0.625
3.25 1.0625 4.25 1.625 3.8125 0.3125
2.4375 5.875 2.5 6.1875 3 1.25
3.625 4.9375 4.9375 4.3125 4.4375 4
0.375 0.75 6.0625 0.25 1 6.125
4.9375 0 2.5 5.1875 3.0625 4.0625
3.1875 0.8125 1.8125 5.25 3.875 1.8125
3.75 2.125 0.75 0.0625 0.75 2
2.25 5.75 0.9375 2.75 5.125 3.75
0.375 0.625 4.5 1.375 3.875 3.875
4.3125 6.125 0.1875 2.125 1 3.8125
1.3125 1.5625 0.125 1.5 5.8125 2.8125
5.125 1.125 0.125 4.9375 3.1875 4.5625
5.8125 3.5625 4.6875 3.25 4.8125 1.6875
0.625 3.8125 5.8125 4.9375 4.625 4.1875
0.375 2.8125 5.875 4.1875 4.25 3.9375
0.125 3.375 0.5 2 5.375 3.0625
3.75 3.25 1.375 0.0625 1.1875 4.5625
4.875 4.375 5.4375 5.4375 2.4375 5.375
0 4.125 5.5625 3.8125 1.75 2.625
5.3125 2.25 5.0625 2.8125 3.0625 5
6 1.9375 5.125 2 5.5 0.9375
4.375 5.9375 0.1875 3.3125 1.9375 3
