0.808824 0.205882 0.705882 0.911765 1.14706 0.602941
0.470588 0.764706 1.38235 0.161765 0.25 1.22059
1.22059 0.191176 0.897059 1.01471 0.647059 0.573529
1.13235 0.5 0.5 0.0294118 1.36765 0.352941
0.367647 0.411765 0.720588 1.35294 0.0441176 0.117647
0.647059 1.27941 0.926471 0.911765 0.338235 1.44118
1.32353 0.294118 0.0882353 1.16176 0.470588 0.441176
1.07353 1.33824 0.602941 0.529412 0 1.36765
0.926471 1.41176 0.25 0.823529 0.441176 1.19118
0.544118 0.823529 0.514706 1.32353 1.01471 0.514706
0.470588 0.794118 1.27941 0.897059 1.19118 1.45588
0.308824 1.13235 0.691176 0.794118 1.45588 0.529412
1.36765 0.102941 1.25 0.176471 0.985294 0.235294
0.955882 0.779412 0.397059 0.867647 1.44118 1.38235
0.338235 0.102941 0.867647 0.279412 1.10294 0.191176
0.691176 1 1.16176 1.22059 1.19118 1.26471
0.75 0.720588 1.23529 1.41176 1.04412 1.38235
0.338235 1.45588 0.132353 0.25 0.808824 1.02941
0.720588 1.16176 0.911765 0.75 0.0882353 1.41176
0.823529 0.235294 0.75 0.264706 0.161765 0.338235
1.44118 0 1.14706 1.17647 1.10294 0.779412
1.13235 0.441176 0.852941 0.602941 1.26471 0.25
1.36765 0.588235 0.911765 0.544118 1.35294 0.294118
0.441176 1.26471 0.926471 0.661765 1.02941 1.45588
0.0294118 0.926471 1.30882 0.602941 1.39706 1.23529
1.13235 0.147059 1.27941 0.352941 0.0294118 1.26471
0.632353 0.25 1.20588 0.308824 0.764706 0.176471
0.485294 0.955882 1.44118 0.558824 0.279412 0.147059
0.764706 0.25 1 0.382353 0.897059 0.0735294
0.573529 1.38235 0.588235 1.45588 0.705882 0.294118
0.852941 1.16176 1.16176 1.01471 1.04412 0.941176
0.0882353 0.176471 1.42647 0.0588235 0.235294 1.44118
1.16176 0 0.588235 1.22059 0.720588 0.955882
0.75 0.191176 0.426471 1.23529 0.911765 0.426471
0.882353 0.5 0.176471 0.0147059 0.176471 0.470588
0.529412 1.35294 0.220588 0.647059 1.20588 0.882353
0.0882353 0.147059 1.05882 0.323529 0.911765 0.911765
1.01471 1.44118 0.0441176 0.5 0.235294 0.897059
0.308824 0.367647 0.0294118 0.352941 1.36765 0.661765
1.20588 0.264706 0.0294118 1.16176 0.75 1.07353
1.36765 0.838235 1.10294 0.764706 1.13235 0.397059
0.147059 0.897059 1.36765 1.16176 1.08824 0.985294
0.0882353 0.661765 1.38235 0.985294 1 0.926471
0.0294118 0.794118 0.117647 0.470588 1.26471 0.720588
0.882353 0.764706 0.323529 0.0147059 0.279412 1.07353
1.14706 1.02941 1.27941 1.27941 0.573529 1.26471
0 0.970588 1.30882 0.897059 0.411765 0.617647
1.25 0.529412 1.19118 0.661765 0.720588 1.17647
1.41176 0.455882 1.20588 0.470588 1.29412 0.220588
1.02941 1.39706 0.0441176 0.779412 0.455882 0.705882
