1.57143 0.4 1.37143 1.77143 2.22857 1.17143
0.914286 1.48571 2.68571 0.314286 0.485714 2.37143
2.37143 0.371429 1.74286 1.97143 1.25714 1.11429
2.2 0.971429 0.971429 0.0571429 2.65714 0.685714
0.714286 0.8 1.4 2.62857 0.0857143 0.228571
1.25714 2.48571 1.8 1.77143 0.657143 2.8
2.57143 0.571429 0.171429 2.25714 0.914286 0.857143
2.08571 2.6 1.17143 1.02857 0 2.65714
1.8 2.74286 0.485714 1.6 0.857143 2.31429
1.05714 1.6 1 2.57143 1.97143 1
0.914286 1.54286 2.48571 1.74286 2.31429 2.82857
0.6 2.2 1.34286 1.54286 2.82857 1.02857
2.65714 0.2 2.42857 0.342857 1.91429 0.457143
1.85714 1.51429 0.771429 1.68571 2.8 2.68571
0.657143 0.2 1.68571 0.542857 2.14286 0.371429
1.34286 1.94286 2.25714 2.37143 2.31429 2.45714
1.45714 1.4 2.4 2.74286 2.02857 2.68571
0.657143 2.82857 0.257143 0.485714 1.57143 2
1.4 2.25714 1.77143 1.45714 0.171429 2.74286
1.6 0.457143 1.45714 0.514286 0.314286 0.657143
2.8 0 2.22857 2.28571 2.14286 1.51429
2.2 0.857143 1.65714 1.17143 2.45714 0.485714
2.65714 1.14286 1.77143 1.05714 2.62857 0.571429
0.857143 2.45714 1.8 1.28571 2 2.82857
0.0571429 1.8 2.54286 1.17143 2.71429 2.4
2.2 0.285714 2.48571 0.685714 0.0571429 2.45714
1.22857 0.485714 2.34286 0.6 1.48571 0.342857
0.942857 1.85714 2.8 1.08571 0.542857 0.285714
1.48571 0.485714 1.94286 0.742857 1.74286 0.142857
1.11429 2.68571 1.14286 2.82857 1.37143 0.571429
1.65714 2.25714 2.25714 1.97143 2.02857 1.82857
0.171429 0.342857 2.77143 0.114286 0.457143 2.8
2.25714 0 1.14286 2.37143 1.4 1.85714
1.45714 0.371429 0.828571 2.4 1.77143 0.828571
1.71429 0.971429 0.342857 0.0285714 0.342857 0.914286
1.02857 2.62857 0.428571 1.25714 2.34286 1.71429
0.171429 0.285714 2.05714 0.628571 1.77143 1.77143
1.97143 2.8 0.0857143 0.971429 0.457143 1.74286
0.6 0.714286 0.0571429 0.685714 2.65714 1.28571
2.34286 0.514286 0.0571429 2.25714 1.45714 2.08571
2.65714 1.62857 2.14286 1.48571 2.2 0.771429
0.285714 1.74286 2.65714 2.25714 2.11429 1.91429
0.171429 1.28571 2.68571 1.91429 1.94286 1.8
0.0571429 1.54286 0.228571 0.914286 2.45714 1.4
1.71429 1.48571 0.628571 0.0285714 0.542857 2.08571
2.22857 2 2.48571 2.48571 1.11429 2.45714
0 1.88571 2.54286 1.74286 0.8 1.2
2.42857 1.02857 2.31429 1.28571 1.4 2.28571
2.74286 0.885714 2.34286 0.914286 2.51429 0.428571
2 2.71429 0.0857143 1.51429 0.885714 1.37143
