0.833333 0.212121 0.727273 0.939394 1.18182 0.621212
0.484848 0.787879 1.42424 0.166667 0.257576 1.25758
1.25758 0.19697 0.924242 1.04545 0.666667 0.590909
1.16667 0.515152 0.515152 0.030303 1.40909 0.363636
0.378788 0.424242 0.742424 1.39394 0.0454545 0.121212
0.666667 1.31818 0.954545 0.939394 0.348485 1.48485
1.36364 0.30303 0.0909091 1.19697 0.484848 0.454545
1.10606 1.37879 0.621212 0.545455 0 1.40909
0.954545 1.45455 0.257576 0.848485 0.454545 1.22727
0.560606 0.848485 0.530303 1.36364 1.04545 0.530303
0.484848 0.818182 1.31818 0.924242 1.22727 1.5
0.318182 1.16667 0.712121 0.818182 1.5 0.545455
1.40909 0.106061 1.28788 0.181818 1.01515 0.242424
0.984848 0.80303 0.409091 0.893939 1.48485 1.42424
0.348485 0.106061 0.893939 0.287879 1.13636 0.19697
0.712121 1.0303 1.19697 1.25758 1.22727 1.30303
0.772727 0.742424 1.27273 1.45455 1.07576 1.42424
0.348485 1.5 0.136364 0.257576 0.833333 1.06061
0.742424 1.19697 0.939394 0.772727 0.0909091 1.45455
0.848485 0.242424 0.772727 0.272727 0.166667 0.348485
1.48485 0 1.18182 1.21212 1.13636 0.80303
1.16667 0.454545 0.878788 0.621212 1.30303 0.257576
1.40909 0.606061 0.939394 0.560606 1.39394 0.30303
0.454545 1.30303 0.954545 0.681818 1.06061 1.5
0.030303 0.954545 1.34848 0.621212 1.43939 1.27273
1.16667 0.151515 1.31818 0.363636 0.030303 1.30303
0.651515 0.257576 1.24242 0.318182 0.787879 0.181818
0.5 0.984848 1.48485 0.575758 0.287879 0.151515
0.787879 0.257576 1.0303 0.393939 0.924242 0.0757576
0.590909 1.42424 0.606061 1.5 0.727273 0.30303
0.878788 1.19697 1.19697 1.04545 1.07576 0.969697
0.0909091 0.181818 1.4697 0.0606061 0.242424 1.48485
1.19697 0 0.606061 1.25758 0.742424 0.984848
0.772727 0.19697 0.439394 1.27273 0.939394 0.439394
0.909091 0.515152 0.181818 0.0151515 0.181818 0.484848
0.545455 1.39394 0.227273 0.666667 1.24242 0.909091
0.0909091 0.151515 1.09091 0.333333 0.939394 0.939394
1.04545 1.48485 0.0454545 0.515152 0.242424 0.924242
0.318182 0.378788 0.030303 0.363636 1.40909 0.681818
1.24242 0.272727 0.030303 1.19697 0.772727 1.10606
1.40909 0.863636 1.13636 0.787879 1.16667 0.409091
0.151515 0.924242 1.40909 1.19697 1.12121 1.01515
0.0909091 0.681818 1.42424 1.01515 1.0303 0.954545
0.030303 0.818182 0.121212 0.484848 1.30303 0.742424
0.909091 0.787879 0.333333 0.0151515 0.287879 1.10606
1.18182 1.06061 1.31818 1.31818 0.590909 1.30303
0 1 1.34848 0.924242 0.424242 0.636364
1.28788 0.545455 1.22727 0.681818 0.742424 1.21212
1.45455 0.469697 1.24242 0.484848 1.33333 0.227273
1.06061 1.43939 0.0454545 0.80303 0.469697 0.727273
