0.56701 0.14433 0.494845 0.639175 0.804124 0.42268
0.329897 0.536082 0.969072 0.113402 0.175258 0.85567
0.85567 0.134021 0.628866 0.71134 0.453608 0.402062
0.793814 0.350515 0.350515 0.0206186 0.958763 0.247423
0.257732 0.28866 0.505155 0.948454 0.0309278 0.0824742
0.453608 0.896907 0.649485 0.639175 0.237113 1.01031
0.927835 0.206186 0.0618557 0.814433 0.329897 0.309278
0.752577 0.938144 0.42268 0.371134 0 0.958763
0.649485 0.989691 0.175258 0.57732 0.309278 0.835052
0.381443 0.57732 0.360825 0.927835 0.71134 0.360825
0.329897 0.556701 0.896907 0.628866 0.835052 1.02062
0.216495 0.793814 0.484536 0.556701 1.02062 0.371134
0.958763 0.0721649 0.876289 0.123711 0.690722 0.164948
0.670103 0.546392 0.278351 0.608247 1.01031 0.969072
0.237113 0.0721649 0.608247 0.195876 0.773196 0.134021
0.484536 0.701031 0.814433 0.85567 0.835052 0.886598
0.525773 0.505155 0.865979 0.989691 0.731959 0.969072
0.237113 1.02062 0.0927835 0.175258 0.56701 0.721649
0.505155 0.814433 0.639175 0.525773 0.0618557 0.989691
0.57732 0.164948 0.525773 0.185567 0.113402 0.237113
1.01031 0 0.804124 0.824742 0.773196 0.546392
0.793814 0.309278 0.597938 0.42268 0.886598 0.175258
0.958763 0.412371 0.639175 0.381443 0.948454 0.206186
0.309278 0.886598 0.649485 0.463918 0.721649 1.02062
0.0206186 0.649485 0.917526 0.42268 0.979381 0.865979
0.793814 0.103093 0.896907 0.247423 0.0206186 0.886598
0.443299 0.175258 0.845361 0.216495 0.536082 0.123711
0.340206 0.670103 1.01031 0.391753 0.195876 0.103093
0.536082 0.175258 0.701031 0.268041 0.628866 0.0515464
0.402062 0.969072 0.412371 1.02062 0.494845 0.206186
0.597938 0.814433 0.814433 0.71134 0.731959 0.659794
0.0618557 0.123711 1 0.0412371 0.164948 1.01031
0.814433 0 0.412371 0.85567 0.505155 0.670103
0.525773 0.134021 0.298969 0.865979 0.639175 0.298969
0.618557 0.350515 0.123711 0.0103093 0.123711 0.329897
0.371134 0.948454 0.154639 0.453608 0.845361 0.618557
0.0618557 0.103093 0.742268 0.226804 0.639175 0.639175
0.71134 1.01031 0.0309278 0.350515 0.164948 0.628866
0.216495 0.257732 0.0206186 0.247423 0.958763 0.463918
0.845361 0.185567 0.0206186 0.814433 0.525773 0.752577
0.958763 0.587629 0.773196 0.536082 0.793814 0.278351
0.103093 0.628866 0.958763 0.814433 0.762887 0.690722
0.0618557 0.463918 0.969072 0.690722 0.701031 0.649485
0.0206186 0.556701 0.0824742 0.329897 0.886598 0.505155
0.618557 0.536082 0.226804 0.0103093 0.195876 0.752577
0.804124 0.721649 0.896907 0.896907 0.402062 0.886598
0 0.680412 0.917526 0.628866 0.28866 0.43299
0.876289 0.371134 0.835052 0.463918 0.505155 0.824742
0.989691 0.319588 0.845361 0.329897 0.907216 0.154639
0.721649 0.979381 0.0309278 0.546392 0.319588 0.494845
