1.22222 0.311111 1.06667 1.37778 1.73333 0.911111
0.711111 1.15556 2.08889 0.244444 0.377778 1.84444
1.84444 0.288889 1.35556 1.53333 0.977778 0.866667
1.71111 0.755556 0.755556 0.0444444 2.06667 0.533333
0.555556 0.622222 1.08889 2.04444 0.0666667 0.177778
0.977778 1.93333 1.4 1.37778 0.511111 2.17778
2 0.444444 0.133333 1.75556 0.711111 0.666667
1.62222 2.02222 0.911111 0.8 0 2.06667
1.4 2.13333 0.377778 1.24444 0.666667 1.8
0.822222 1.24444 0.777778 2 1.53333 0.777778
0.711111 1.2 1.93333 1.35556 1.8 2.2
0.466667 1.71111 1.04444 1.2 2.2 0.8
2.06667 0.155556 1.88889 0.266667 1.48889 0.355556
1.44444 1.17778 0.6 1.31111 2.17778 2.08889
0.511111 0.155556 1.31111 0.422222 1.66667 0.288889
1.04444 1.51111 1.75556 1.84444 1.8 1.91111
1.13333 1.08889 1.86667 2.13333 1.57778 2.08889
0.511111 2.2 0.2 0.377778 1.22222 1.55556
1.08889 1.75556 1.37778 1.13333 0.133333 2.13333
1.24444 0.355556 1.13333 0.4 0.244444 0.511111
2.17778 0 1.73333 1.77778 1.66667 1.17778
1.71111 0.666667 1.28889 0.911111 1.91111 0.377778
2.06667 0.888889 1.37778 0.822222 2.04444 0.444444
0.666667 1.91111 1.4 1 1.55556 2.2
0.0444444 1.4 1.97778 0.911111 2.11111 1.86667
1.71111 0.222222 1.93333 0.533333 0.0444444 1.91111
0.955556 0.377778 1.82222 0.466667 1.15556 0.266667
0.733333 1.44444 2.17778 0.844444 0.422222 0.222222
1.15556 0.377778 1.51111 0.577778 1.35556 0.111111
0.866667 2.08889 0.888889 2.2 1.06667 0.444444
1.28889 1.75556 1.75556 1.53333 1.57778 1.42222
0.133333 0.266667 2.15556 0.0888889 0.355556 2.17778
1.75556 0 0.888889 1.84444 1.08889 1.44444
1.13333 0.288889 0.644444 1.86667 1.37778 0.644444
1.33333 0.755556 0.266667 0.0222222 0.266667 0.711111
0.8 2.04444 0.333333 0.977778 1.82222 1.33333
0.133333 0.222222 1.6 0.488889 1.37778 1.37778
1.53333 2.17778 0.0666667 0.755556 0.355556 1.35556
0.466667 0.555556 0.0444444 0.533333 2.06667 1
1.82222 0.4 0.0444444 1.75556 1.13333 1.62222
2.06667 1.26667 1.66667 1.15556 1.71111 0.6
0.222222 1.35556 2.06667 1.75556 1.64444 1.48889
0.133333 1 2.08889 1.48889 1.51111 1.4
0.0444444 1.2 0.177778 0.711111 1.91111 1.08889
1.33333 1.15556 0.488889 0.0222222 0.422222 1.62222
1.73333 1.55556 1.93333 1.93333 0.866667 1.91111
0 1.46667 1.97778 1.35556 0.622222 0.933333
1.88889 0.8 1.8 1 1.08889 1.77778
2.13333 0.688889 1.82222 0.711111 1.95556 0.333333
1.55556 2.11111 0.0666667 1.17778 0.688889 1.06667
