0.785714 0.2 0.685714 0.885714 1.11429 0.585714
0.457143 0.742857 1.34286 0.157143 0.242857 1.18571
1.18571 0.185714 0.871429 0.985714 0.628571 0.557143
1.1 0.485714 0.485714 0.0285714 1.32857 0.342857
0.357143 0.4 0.7 1.31429 0.0428571 0.114286
0.628571 1.24286 0.9 0.885714 0.328571 1.4
1.28571 0.285714 0.0857143 1.12857 0.457143 0.428571
1.04286 1.3 0.585714 0.514286 0 1.32857
0.9 1.37143 0.242857 0.8 0.428571 1.15714
0.528571 0.8 0.5 1.28571 0.985714 0.5
0.457143 0.771429 1.24286 0.871429 1.15714 1.41429
0.3 1.1 0.671429 0.771429 1.41429 0.514286
1.32857 0.1 1.21429 0.171429 0.957143 0.228571
0.928571 0.757143 0.385714 0.842857 1.4 1.34286
0.328571 0.1 0.842857 0.271429 1.07143 0.185714
0.671429 0.971429 1.12857 1.18571 1.15714 1.22857
0.728571 0.7 1.2 1.37143 1.01429 1.34286
0.328571 1.41429 0.128571 0.242857 0.785714 1
0.7 1.12857 0.885714 0.728571 0.0857143 1.37143
0.8 0.228571 0.728571 0.257143 0.157143 0.328571
1.4 0 1.11429 1.14286 1.07143 0.757143
1.1 0.428571 0.828571 0.585714 1.22857 0.242857
1.32857 0.571429 0.885714 0.528571 1.31429 0.285714
0.428571 1.22857 0.9 0.642857 1 1.41429
0.0285714 0.9 1.27143 0.585714 1.35714 1.2
1.1 0.142857 1.24286 0.342857 0.0285714 1.22857
0.614286 0.242857 1.17143 0.3 0.742857 0.171429
0.471429 0.928571 1.4 0.542857 0.271429 0.142857
0.742857 0.242857 0.971429 0.371429 0.871429 0.0714286
0.557143 1.34286 0.571429 1.41429 0.685714 0.285714
0.828571 1.12857 1.12857 0.985714 1.01429 0.914286
0.0857143 0.171429 1.38571 0.0571429 0.228571 1.4
1.12857 0 0.571429 1.18571 0.7 0.928571
0.728571 0.185714 0.414286 1.2 0.885714 0.414286
0.857143 0.485714 0.171429 0.0142857 0.171429 0.457143
0.514286 1.31429 0.214286 0.628571 1.17143 0.857143
0.0857143 0.142857 1.02857 0.314286 0.885714 0.885714
0.985714 1.4 0.0428571 0.485714 0.228571 0.871429
0.3 0.357143 0.0285714 0.342857 1.32857 0.642857
1.17143 0.257143 0.0285714 1.12857 0.728571 1.04286
1.32857 0.814286 1.07143 0.742857 1.1 0.385714
0.142857 0.871429 1.32857 1.12857 1.05714 0.957143
0.0857143 0.642857 1.34286 0.957143 0.971429 0.9
0.0285714 0.771429 0.114286 0.457143 1.22857 0.7
0.857143 0.742857 0.314286 0.0142857 0.271429 1.04286
1.11429 1 1.24286 1.24286 0.557143 1.22857
0 0.942857 1.27143 0.871429 0.4 0.6
1.21429 0.514286 1.15714 0.642857 0.7 1.14286
1.37143 0.442857 1.17143 0.457143 1.25714 0.214286
1 1.35714 0.0428571 0.757143 0.442857 0.685714
