1.375 0.35 1.2 1.55 1.95 1.025
0.8 1.3 2.35 0.275 0.425 2.075
2.075 0.325 1.525 1.725 1.1 0.975
1.925 0.85 0.85 0.05 2.325 0.6
0.625 0.7 1.225 2.3 0.075 0.2
1.1 2.175 1.575 1.55 0.575 2.45
2.25 0.5 0.15 1.975 0.8 0.75
1.825 2.275 1.025 0.9 0 2.325
1.575 2.4 0.425 1.4 0.75 2.025
0.925 1.4 0.875 2.25 1.725 0.875
0.8 1.35 2.175 1.525 2.025 2.475
0.525 1.925 1.175 1.35 2.475 0.9
2.325 0.175 2.125 0.3 1.675 0.4
1.625 1.325 0.675 1.475 2.45 2.35
0.575 0.175 1.475 0.475 1.875 0.325
1.175 1.7 1.975 2.075 2.025 2.15
1.275 1.225 2.1 2.4 1.775 2.35
0.575 2.475 0.225 0.425 1.375 1.75
1.225 1.975 1.55 1.275 0.15 2.4
1.4 0.4 1.275 0.45 0.275 0.575
2.45 0 1.95 2 1.875 1.325
1.925 0.75 1.45 1.025 2.15 0.425
2.325 1 1.55 0.925 2.3 0.5
0.75 2.15 1.575 1.125 1.75 2.475
0.05 1.575 2.225 1.025 2.375 2.1
1.925 0.25 2.175 0.6 0.05 2.15
1.075 0.425 2.05 0.525 1.3 0.3
0.825 1.625 2.45 0.95 0.475 0.25
1.3 0.425 1.7 0.65 1.525 0.125
0.975 2.35 1 2.475 1.2 0.5
1.45 1.975 1.975 1.725 1.775 1.6
0.15 0.3 2.425 0.1 0.4 2.45
1.975 0 1 2.075 1.225 1.625
1.275 0.325 0.725 2.1 1.55 0.725
1.5 0.85 0.3 0.025 0.3 0.8
0.9 2.3 0.375 1.1 2.05 1.5
0.15 0.25 1.8 0.55 1.55 1.55
1.725 2.45 0.075 0.85 0.4 1.525
0.525 0.625 0.05 0.6 2.325 1.125
2.05 0.45 0.05 1.975 1.275 1.825
2.325 1.425 1.875 1.3 1.925 0.675
0.25 1.525 2.325 1.975 1.85 1.675
0.15 1.125 2.35 1.675 1.7 1.575
0.05 1.35 0.2 0.8 2.15 1.225
1.5 1.3 0.55 0.025 0.475 1.825
1.95 1.75 2.175 2.175 0.975 2.15
0 1.65 2.225 1.525 0.7 1.05
2.125 0.9 2.025 1.125 1.225 2
2.4 0.775 2.05 0.8 2.2 0.375
1.75 2.375 0.075 1.325 0.775 1.2
