2.3913 0.608696 2.08696 2.69565 3.3913 1.78261
1.3913 2.26087 4.08696 0.478261 0.73913 3.6087
3.6087 0.565217 2.65217 3 1.91304 1.69565
3.34783 1.47826 1.47826 0.0869565 4.04348 1.04348
1.08696 1.21739 2.13043 4 0.130435 0.347826
1.91304 3.78261 2.73913 2.69565 1 4.26087
3.91304 0.869565 0.26087 3.43478 1.3913 1.30435
3.17391 3.95652 1.78261 1.56522 0 4.04348
2.73913 4.17391 0.73913 2.43478 1.30435 3.52174
1.6087 2.43478 1.52174 3.91304 3 1.52174
1.3913 2.34783 3.78261 2.65217 3.52174 4.30435
0.913043 3.34783 2.04348 2.34783 4.30435 1.56522
4.04348 0.304348 3.69565 0.521739 2.91304 0.695652
2.82609 2.30435 1.17391 2.56522 4.26087 4.08696
1 0.304348 2.56522 0.826087 3.26087 0.565217
2.04348 2.95652 3.43478 3.6087 3.52174 3.73913
2.21739 2.13043 3.65217 4.17391 3.08696 4.08696
1 4.30435 0.391304 0.73913 2.3913 3.04348
2.13043 3.43478 2.69565 2.21739 0.26087 4.17391
2.43478 0.695652 2.21739 0.782609 0.478261 1
4.26087 0 3.3913 3.47826 3.26087 2.30435
3.34783 1.30435 2.52174 1.78261 3.73913 0.73913
4.04348 1.73913 2.69565 1.6087 4 0.869565
1.30435 3.73913 2.73913 1.95652 3.04348 4.30435
0.0869565 2.73913 3.86957 1.78261 4.13043 3.65217
3.34783 0.434783 3.78261 1.04348 0.0869565 3.73913
1.86957 0.73913 3.56522 0.913043 2.26087 0.521739
1.43478 2.82609 4.26087 1.65217 0.826087 0.434783
2.26087 0.73913 2.95652 1.13043 2.65217 0.217391
1.69565 4.08696 1.73913 4.30435 2.08696 0.869565
2.52174 3.43478 3.43478 3 3.08696 2.78261
0.26087 0.521739 4.21739 0.173913 0.695652 4.26087
3.43478 0 1.73913 3.6087 2.13043 2.82609
2.21739 0.565217 1.26087 3.65217 2.69565 1.26087
2.6087 1.47826 0.521739 0.0434783 0.521739 1.3913
1.56522 4 0.652174 1.91304 3.56522 2.6087
0.26087 0.434783 3.13043 0.956522 2.69565 2.69565
3 4.26087 0.130435 1.47826 0.695652 2.65217
0.913043 1.08696 0.0869565 1.04348 4.04348 1.95652
3.56522 0.782609 0.0869565 3.43478 2.21739 3.17391
4.04348 2.47826 3.26087 2.26087 3.34783 1.17391
0.434783 2.65217 4.04348 3.43478 3.21739 2.91304
0.26087 1.95652 4.08696 2.91304 2.95652 2.73913
0.0869565 2.34783 0.347826 1.3913 3.73913 2.13043
2.6087 2.26087 0.956522 0.0434783 0.826087 3.17391
3.3913 3.04348 3.78261 3.78261 1.69565 3.73913
0 2.86957 3.86957 2.65217 1.21739 1.82609
3.69565 1.56522 3.52174 1.95652 2.13043 3.47826
4.17391 1.34783 3.56522 1.3913 3.82609 0.652174
3.04348 4.13043 0.130435 2.30435 1.34783 2.08696
