0.982143 0.25 0.857143 1.10714 1.39286 0.732143
0.571429 0.928571 1.67857 0.196429 0.303571 1.48214
1.48214 0.232143 1.08929 1.23214 0.785714 0.696429
1.375 0.607143 0.607143 0.0357143 1.66071 0.428571
0.446429 0.5 0.875 1.64286 0.0535714 0.142857
0.785714 1.55357 1.125 1.10714 0.410714 1.75
1.60714 0.357143 0.107143 1.41071 0.571429 0.535714
1.30357 1.625 0.732143 0.642857 0 1.66071
1.125 1.71429 0.303571 1 0.535714 1.44643
0.660714 1 0.625 1.60714 1.23214 0.625
0.571429 0.964286 1.55357 1.08929 1.44643 1.76786
0.375 1.375 0.839286 0.964286 1.76786 0.642857
1.66071 0.125 1.51786 0.214286 1.19643 0.285714
1.16071 0.946429 0.482143 1.05357 1.75 1.67857
0.410714 0.125 1.05357 0.339286 1.33929 0.232143
0.839286 1.21429 1.41071 1.48214 1.44643 1.53571
0.910714 0.875 1.5 1.71429 1.26786 1.67857
0.410714 1.76786 0.160714 0.303571 0.982143 1.25
0.875 1.41071 1.10714 0.910714 0.107143 1.71429
1 0.285714 0.910714 0.321429 0.196429 0.410714
1.75 0 1.39286 1.42857 1.33929 0.946429
1.375 0.535714 1.03571 0.732143 1.53571 0.303571
1.66071 0.714286 1.10714 0.660714 1.64286 0.357143
0.535714 1.53571 1.125 0.803571 1.25 1.76786
0.0357143 1.125 1.58929 0.732143 1.69643 1.5
1.375 0.178571 1.55357 0.428571 0.0357143 1.53571
0.767857 0.303571 1.46429 0.375 0.928571 0.214286
0.589286 1.16071 1.75 0.678571 0.339286 0.178571
0.928571 0.303571 1.21429 0.464286 1.08929 0.0892857
0.696429 1.67857 0.714286 1.76786 0.857143 0.357143
1.03571 1.41071 1.41071 1.23214 1.26786 1.14286
0.107143 0.214286 1.73214 0.0714286 0.285714 1.75
1.41071 0 0.714286 1.48214 0.875 1.16071
0.910714 0.232143 0.517857 1.5 1.10714 0.517857
1.07143 0.607143 0.214286 0.0178571 0.214286 0.571429
0.642857 1.64286 0.267857 0.785714 1.46429 1.07143
0.107143 0.178571 1.28571 0.392857 1.10714 1.10714
1.23214 1.75 0.0535714 0.607143 0.285714 1.08929
0.375 0.446429 0.0357143 0.428571 1.66071 0.803571
1.46429 0.321429 0.0357143 1.41071 0.910714 1.30357
1.66071 1.01786 1.33929 0.928571 1.375 0.482143
0.178571 1.08929 1.66071 1.41071 1.32143 1.19643
0.107143 0.803571 1.67857 1.19643 1.21429 1.125
0.0357143 0.964286 0.142857 0.571429 1.53571 0.875
1.07143 0.928571 0.392857 0.0178571 0.339286 1.30357
1.39286 1.25 1.55357 1.55357 0.696429 1.53571
0 1.17857 1.58929 1.08929 0.5 0.75
1.51786 0.642857 1.44643 0.803571 0.875 1.42857
1.71429 0.553571 1.46429 0.571429 1.57143 0.267857
1.25 1.69643 0.0535714 0.946429 0.553571 0.857143
