0.846154 0.215385 0.738462 0.953846 1.2 0.630769
0.492308 0.8 1.44615 0.169231 0.261538 1.27692
1.27692 0.2 0.938462 1.06154 0.676923 0.6
1.18462 0.523077 0.523077 0.0307692 1.43077 0.369231
0.384615 0.430769 0.753846 1.41538 0.0461538 0.123077
0.676923 1.33846 0.969231 0.953846 0.353846 1.50769
1.38462 0.307692 0.0923077 1.21538 0.492308 0.461538
1.12308 1.4 0.630769 0.553846 0 1.43077
0.969231 1.47692 0.261538 0.861538 0.461538 1.24615
0.569231 0.861538 0.538462 1.38462 1.06154 0.538462
0.492308 0.830769 1.33846 0.938462 1.24615 1.52308
0.323077 1.18462 0.723077 0.830769 1.52308 0.553846
1.43077 0.107692 1.30769 0.184615 1.03077 0.246154
1 0.815385 0.415385 0.907692 1.50769 1.44615
0.353846 0.107692 0.907692 0.292308 1.15385 0.2
0.723077 1.04615 1.21538 1.27692 1.24615 1.32308
0.784615 0.753846 1.29231 1.47692 1.09231 1.44615
0.353846 1.52308 0.138462 0.261538 0.846154 1.07692
0.753846 1.21538 0.953846 0.784615 0.0923077 1.47692
0.861538 0.246154 0.784615 0.276923 0.169231 0.353846
1.50769 0 1.2 1.23077 1.15385 0.815385
1.18462 0.461538 0.892308 0.630769 1.32308 0.261538
1.43077 0.615385 0.953846 0.569231 1.41538 0.307692
0.461538 1.32308 0.969231 0.692308 1.07692 1.52308
0.0307692 0.969231 1.36923 0.630769 1.46154 1.29231
1.18462 0.153846 1.33846 0.369231 0.0307692 1.32308
0.661538 0.261538 1.26154 0.323077 0.8 0.184615
0.507692 1 1.50769 0.584615 0.292308 0.153846
0.8 0.261538 1.04615 0.4 0.938462 0.0769231
0.6 1.44615 0.615385 1.52308 0.738462 0.307692
0.892308 1.21538 1.21538 1.06154 1.09231 0.984615
0.0923077 0.184615 1.49231 0.0615385 0.246154 1.50769
1.21538 0 0.615385 1.27692 0.753846 1
0.784615 0.2 0.446154 1.29231 0.953846 0.446154
0.923077 0.523077 0.184615 0.0153846 0.184615 0.492308
0.553846 1.41538 0.230769 0.676923 1.26154 0.923077
0.0923077 0.153846 1.10769 0.338462 0.953846 0.953846
1.06154 1.50769 0.0461538 0.523077 0.246154 0.938462
0.323077 0.384615 0.0307692 0.369231 1.43077 0.692308
1.26154 0.276923 0.0307692 1.21538 0.784615 1.12308
1.43077 0.876923 1.15385 0.8 1.18462 0.415385
0.153846 0.938462 1.43077 1.21538 1.13846 1.03077
0.0923077 0.692308 1.44615 1.03077 1.04615 0.969231
0.0307692 0.830769 0.123077 0.492308 1.32308 0.753846
0.923077 0.8 0.338462 0.0153846 0.292308 1.12308
1.2 1.07692 1.33846 1.33846 0.6 1.32308
0 1.01538 1.36923 0.938462 0.430769 0.646154
1.30769 0.553846 1.24615 0.692308 0.753846 1.23077
1.47692 0.476923 1.26154 0.492308 1.35385 0.230769
1.07692 1.46154 0.0461538 0.815385 0.476923 0.738462
