0.887097 0.225806 0.774194 1 1.25806 0.66129
0.516129 0.83871 1.51613 0.177419 0.274194 1.33871
1.33871 0.209677 0.983871 1.1129 0.709677 0.629032
1.24194 0.548387 0.548387 0.0322581 1.5 0.387097
0.403226 0.451613 0.790323 1.48387 0.0483871 0.129032
0.709677 1.40323 1.01613 1 0.370968 1.58065
1.45161 0.322581 0.0967742 1.27419 0.516129 0.483871
1.17742 1.46774 0.66129 0.580645 0 1.5
1.01613 1.54839 0.274194 0.903226 0.483871 1.30645
0.596774 0.903226 0.564516 1.45161 1.1129 0.564516
0.516129 0.870968 1.40323 0.983871 1.30645 1.59677
0.33871 1.24194 0.758065 0.870968 1.59677 0.580645
1.5 0.112903 1.37097 0.193548 1.08065 0.258065
1.04839 0.854839 0.435484 0.951613 1.58065 1.51613
0.370968 0.112903 0.951613 0.306452 1.20968 0.209677
0.758065 1.09677 1.27419 1.33871 1.30645 1.3871
0.822581 0.790323 1.35484 1.54839 1.14516 1.51613
0.370968 1.59677 0.145161 0.274194 0.887097 1.12903
0.790323 1.27419 1 0.822581 0.0967742 1.54839
0.903226 0.258065 0.822581 0.290323 0.177419 0.370968
1.58065 0 1.25806 1.29032 1.20968 0.854839
1.24194 0.483871 0.935484 0.66129 1.3871 0.274194
1.5 0.645161 1 0.596774 1.48387 0.322581
0.483871 1.3871 1.01613 0.725806 1.12903 1.59677
0.0322581 1.01613 1.43548 0.66129 1.53226 1.35484
1.24194 0.16129 1.40323 0.387097 0.0322581 1.3871
0.693548 0.274194 1.32258 0.33871 0.83871 0.193548
0.532258 1.04839 1.58065 0.612903 0.306452 0.16129
0.83871 0.274194 1.09677 0.419355 0.983871 0.0806452
0.629032 1.51613 0.645161 1.59677 0.774194 0.322581
0.935484 1.27419 1.27419 1.1129 1.14516 1.03226
0.0967742 0.193548 1.56452 0.0645161 0.258065 1.58065
1.27419 0 0.645161 1.33871 0.790323 1.04839
0.822581 0.209677 0.467742 1.35484 1 0.467742
0.967742 0.548387 0.193548 0.016129 0.193548 0.516129
0.580645 1.48387 0.241935 0.709677 1.32258 0.967742
0.0967742 0.16129 1.16129 0.354839 1 1
1.1129 1.58065 0.0483871 0.548387 0.258065 0.983871
0.33871 0.403226 0.0322581 0.387097 1.5 0.725806
1.32258 0.290323 0.0322581 1.27419 0.822581 1.17742
1.5 0.919355 1.20968 0.83871 1.24194 0.435484
0.16129 0.983871 1.5 1.27419 1.19355 1.08065
0.0967742 0.725806 1.51613 1.08065 1.09677 1.01613
0.0322581 0.870968 0.129032 0.516129 1.3871 0.790323
0.967742 0.83871 0.354839 0.016129 0.306452 1.17742
1.25806 1.12903 1.40323 1.40323 0.629032 1.3871
0 1.06452 1.43548 0.983871 0.451613 0.677419
1.37097 0.580645 1.30645 0.725806 0.790323 1.29032
1.54839 0.5 1.32258 0.516129 1.41935 0.241935
1.12903 1.53226 0.0483871 0.854839 0.5 0.774194
