0.901639 0.229508 0.786885 1.01639 1.27869 0.672131
0.52459 0.852459 1.54098 0.180328 0.278689 1.36066
1.36066 0.213115 1 1.13115 0.721311 0.639344
1.2623 0.557377 0.557377 0.0327869 1.52459 0.393443
0.409836 0.459016 0.803279 1.5082 0.0491803 0.131148
0.721311 1.42623 1.03279 1.01639 0.377049 1.60656
1.47541 0.327869 0.0983607 1.29508 0.52459 0.491803
1.19672 1.4918 0.672131 0.590164 0 1.52459
1.03279 1.57377 0.278689 0.918033 0.491803 1.32787
0.606557 0.918033 0.57377 1.47541 1.13115 0.57377
0.52459 0.885246 1.42623 1 1.32787 1.62295
0.344262 1.2623 0.770492 0.885246 1.62295 0.590164
1.52459 0.114754 1.39344 0.196721 1.09836 0.262295
1.06557 0.868852 0.442623 0.967213 1.60656 1.54098
0.377049 0.114754 0.967213 0.311475 1.22951 0.213115
0.770492 1.11475 1.29508 1.36066 1.32787 1.40984
0.836066 0.803279 1.37705 1.57377 1.16393 1.54098
0.377049 1.62295 0.147541 0.278689 0.901639 1.14754
0.803279 1.29508 1.01639 0.836066 0.0983607 1.57377
0.918033 0.262295 0.836066 0.295082 0.180328 0.377049
1.60656 0 1.27869 1.31148 1.22951 0.868852
1.2623 0.491803 0.95082 0.672131 1.40984 0.278689
1.52459 0.655738 1.01639 0.606557 1.5082 0.327869
0.491803 1.40984 1.03279 0.737705 1.14754 1.62295
0.0327869 1.03279 1.45902 0.672131 1.55738 1.37705
1.2623 0.163934 1.42623 0.393443 0.0327869 1.40984
0.704918 0.278689 1.34426 0.344262 0.852459 0.196721
0.540984 1.06557 1.60656 0.622951 0.311475 0.163934
0.852459 0.278689 1.11475 0.42623 1 0.0819672
0.639344 1.54098 0.655738 1.62295 0.786885 0.327869
0.95082 1.29508 1.29508 1.13115 1.16393 1.04918
0.0983607 0.196721 1.59016 0.0655738 0.262295 1.60656
1.29508 0 0.655738 1.36066 0.803279 1.06557
0.836066 0.213115 0.47541 1.37705 1.01639 0.47541
0.983607 0.557377 0.196721 0.0163934 0.196721 0.52459
0.590164 1.5082 0.245902 0.721311 1.34426 0.983607
0.0983607 0.163934 1.18033 0.360656 1.01639 1.01639
1.13115 1.60656 0.0491803 0.557377 0.262295 1
0.344262 0.409836 0.0327869 0.393443 1.52459 0.737705
1.34426 0.295082 0.0327869 1.29508 0.836066 1.19672
1.52459 0.934426 1.22951 0.852459 1.2623 0.442623
0.163934 1 1.52459 1.29508 1.21311 1.09836
0.0983607 0.737705 1.54098 1.09836 1.11475 1.03279
0.0327869 0.885246 0.131148 0.52459 1.40984 0.803279
0.983607 0.852459 0.360656 0.0163934 0.311475 1.19672
1.27869 1.14754 1.42623 1.42623 0.639344 1.40984
0 1.08197 1.45902 1 0.459016 0.688525
1.39344 0.590164 1.32787 0.737705 0.803279 1.31148
1.57377 0.508197 1.34426 0.52459 1.44262 0.245902
1.14754 1.55738 0.0491803 0.868852 0.508197 0.786885
