4.23077 1.07692 3.69231 4.76923 6 3.15385
2.46154 4 7.23077 0.846154 1.30769 6.38462
6.38462 1 4.69231 5.30769 3.38462 3
5.92308 2.61538 2.61538 0.153846 7.15385 1.84615
1.92308 2.15385 3.76923 7.07692 0.230769 0.615385
3.38462 6.69231 4.84615 4.76923 1.76923 7.53846
6.92308 1.53846 0.461538 6.07692 2.46154 2.30769
5.61538 7 3.15385 2.76923 0 7.15385
4.84615 7.38462 1.30769 4.30769 2.30769 6.23077
2.84615 4.30769 2.69231 6.92308 5.30769 2.69231
2.46154 4.15385 6.69231 4.69231 6.23077 7.61538
1.61538 5.92308 3.61538 4.15385 7.61538 2.76923
7.15385 0.538462 6.53846 0.923077 5.15385 1.23077
5 4.07692 2.07692 4.53846 7.53846 7.23077
1.76923 0.538462 4.53846 1.46154 5.76923 1
3.61538 5.23077 6.07692 6.38462 6.23077 6.61538
3.92308 3.76923 6.46154 7.38462 5.46154 7.23077
1.76923 7.61538 0.692308 1.30769 4.23077 5.38462
3.76923 6.07692 4.76923 3.92308 0.461538 7.38462
4.30769 1.23077 3.92308 1.38462 0.846154 1.76923
7.53846 0 6 6.15385 5.76923 4.07692
5.92308 2.30769 4.46154 3.15385 6.61538 1.30769
7.15385 3.07692 4.76923 2.84615 7.07692 1.53846
2.30769 6.61538 4.84615 3.46154 5.38462 7.61538
0.153846 4.84615 6.84615 3.15385 7.30769 6.46154
5.92308 0.769231 6.69231 1.84615 0.153846 6.61538
3.30769 1.30769 6.30769 1.61538 4 0.923077
2.53846 5 7.53846 2.92308 1.46154 0.769231
4 1.30769 5.23077 2 4.69231 0.384615
3 7.23077 3.07692 7.61538 3.69231 1.53846
4.46154 6.07692 6.07692 5.30769 5.46154 4.92308
0.461538 0.923077 7.46154 0.307692 1.23077 7.53846
6.07692 0 3.07692 6.38462 3.76923 5
3.92308 1 2.23077 6.46154 4.76923 2.23077
4.61538 2.61538 0.923077 0.0769231 0.923077 2.46154
2.76923 7.07692 1.15385 3.38462 6.30769 4.61538
0.461538 0.769231 5.53846 1.69231 4.76923 4.76923
5.30769 7.53846 0.230769 2.61538 1.23077 4.69231
1.61538 1.92308 0.153846 1.84615 7.15385 3.46154
6.30769 1.38462 0.153846 6.07692 3.92308 5.61538
7.15385 4.38462 5.76923 4 5.92308 2.07692
0.769231 4.69231 7.15385 6.07692 5.69231 5.15385
0.461538 3.46154 7.23077 5.15385 5.23077 4.84615
0.153846 4.15385 0.615385 2.46154 6.61538 3.76923
4.61538 4 1.69231 0.0769231 1.46154 5.61538
6 5.38462 6.69231 6.69231 3 6.61538
0 5.07692 6.84615 4.69231 2.15385 3.23077
6.53846 2.76923 6.23077 3.46154 3.76923 6.15385
7.38462 2.38462 6.30769 2.46154 6.76923 1.15385
5.38462 7.30769 0.230769 4.07692 2.38462 3.69231
