1 0.254545 0.872727 1.12727 1.41818 0.745455
0.581818 0.945455 1.70909 0.2 0.309091 1.50909
1.50909 0.236364 1.10909 1.25455 0.8 0.709091
1.4 0.618182 0.618182 0.0363636 1.69091 0.436364
0.454545 0.509091 0.890909 1.67273 0.0545455 0.145455
0.8 1.58182 1.14545 1.12727 0.418182 1.78182
1.63636 0.363636 0.109091 1.43636 0.581818 0.545455
1.32727 1.65455 0.745455 0.654545 0 1.69091
1.14545 1.74545 0.309091 1.01818 0.545455 1.47273
0.672727 1.01818 0.636364 1.63636 1.25455 0.636364
0.581818 0.981818 1.58182 1.10909 1.47273 1.8
0.381818 1.4 0.854545 0.981818 1.8 0.654545
1.69091 0.127273 1.54545 0.218182 1.21818 0.290909
1.18182 0.963636 0.490909 1.07273 1.78182 1.70909
0.418182 0.127273 1.07273 0.345455 1.36364 0.236364
0.854545 1.23636 1.43636 1.50909 1.47273 1.56364
0.927273 0.890909 1.52727 1.74545 1.29091 1.70909
0.418182 1.8 0.163636 0.309091 1 1.27273
0.890909 1.43636 1.12727 0.927273 0.109091 1.74545
1.01818 0.290909 0.927273 0.327273 0.2 0.418182
1.78182 0 1.41818 1.45455 1.36364 0.963636
1.4 0.545455 1.05455 0.745455 1.56364 0.309091
1.69091 0.727273 1.12727 0.672727 1.67273 0.363636
0.545455 1.56364 1.14545 0.818182 1.27273 1.8
0.0363636 1.14545 1.61818 0.745455 1.72727 1.52727
1.4 0.181818 1.58182 0.436364 0.0363636 1.56364
0.781818 0.309091 1.49091 0.381818 0.945455 0.218182
0.6 1.18182 1.78182 0.690909 0.345455 0.181818
0.945455 0.309091 1.23636 0.472727 1.10909 0.0909091
0.709091 1.70909 0.727273 1.8 0.872727 0.363636
1.05455 1.43636 1.43636 1.25455 1.29091 1.16364
0.109091 0.218182 1.76364 0.0727273 0.290909 1.78182
1.43636 0 0.727273 1.50909 0.890909 1.18182
0.927273 0.236364 0.527273 1.52727 1.12727 0.527273
1.09091 0.618182 0.218182 0.0181818 0.218182 0.581818
0.654545 1.67273 0.272727 0.8 1.49091 1.09091
0.109091 0.181818 1.30909 0.4 1.12727 1.12727
1.25455 1.78182 0.0545455 0.618182 0.290909 1.10909
0.381818 0.454545 0.0363636 0.436364 1.69091 0.818182
1.49091 0.327273 0.0363636 1.43636 0.927273 1.32727
1.69091 1.03636 1.36364 0.945455 1.4 0.490909
0.181818 1.10909 1.69091 1.43636 1.34545 1.21818
0.109091 0.818182 1.70909 1.21818 1.23636 1.14545
0.0363636 0.981818 0.145455 0.581818 1.56364 0.890909
1.09091 0.945455 0.4 0.0181818 0.345455 1.32727
1.41818 1.27273 1.58182 1.58182 0.709091 1.56364
0 1.2 1.61818 1.10909 0.509091 0.763636
1.54545 0.654545 1.47273 0.818182 0.890909 1.45455
1.74545 0.563636 1.49091 0.581818 1.6 0.272727
1.27273 1.72727 0.0545455 0.963636 0.563636 0.872727
