0.662651 0.168675 0.578313 0.746988 0.939759 0.493976
0.385542 0.626506 1.13253 0.13253 0.204819 1
1 0.156627 0.73494 0.831325 0.53012 0.46988
0.927711 0.409639 0.409639 0.0240964 1.12048 0.289157
0.301205 0.337349 0.590361 1.10843 0.0361446 0.0963855
0.53012 1.04819 0.759036 0.746988 0.277108 1.18072
1.08434 0.240964 0.0722892 0.951807 0.385542 0.361446
0.879518 1.09639 0.493976 0.433735 0 1.12048
0.759036 1.15663 0.204819 0.674699 0.361446 0.975904
0.445783 0.674699 0.421687 1.08434 0.831325 0.421687
0.385542 0.650602 1.04819 0.73494 0.975904 1.19277
0.253012 0.927711 0.566265 0.650602 1.19277 0.433735
1.12048 0.0843373 1.0241 0.144578 0.807229 0.192771
0.783133 0.638554 0.325301 0.710843 1.18072 1.13253
0.277108 0.0843373 0.710843 0.228916 0.903614 0.156627
0.566265 0.819277 0.951807 1 0.975904 1.03614
0.614458 0.590361 1.01205 1.15663 0.855422 1.13253
0.277108 1.19277 0.108434 0.204819 0.662651 0.843373
0.590361 0.951807 0.746988 0.614458 0.0722892 1.15663
0.674699 0.192771 0.614458 0.216867 0.13253 0.277108
1.18072 0 0.939759 0.963855 0.903614 0.638554
0.927711 0.361446 0.698795 0.493976 1.03614 0.204819
1.12048 0.481928 0.746988 0.445783 1.10843 0.240964
0.361446 1.03614 0.759036 0.542169 0.843373 1.19277
0.0240964 0.759036 1.07229 0.493976 1.14458 1.01205
0.927711 0.120482 1.04819 0.289157 0.0240964 1.03614
0.518072 0.204819 0.987952 0.253012 0.626506 0.144578
0.39759 0.783133 1.18072 0.457831 0.228916 0.120482
0.626506 0.204819 0.819277 0.313253 0.73494 0.060241
0.46988 1.13253 0.481928 1.19277 0.578313 0.240964
0.698795 0.951807 0.951807 0.831325 0.855422 0.771084
0.0722892 0.144578 1.16867 0.0481928 0.192771 1.18072
0.951807 0 0.481928 1 0.590361 0.783133
0.614458 0.156627 0.349398 1.01205 0.746988 0.349398
0.722892 0.409639 0.144578 0.0120482 0.144578 0.385542
0.433735 1.10843 0.180723 0.53012 0.987952 0.722892
0.0722892 0.120482 0.86747 0.26506 0.746988 0.746988
0.831325 1.18072 0.0361446 0.409639 0.192771 0.73494
0.253012 0.301205 0.0240964 0.289157 1.12048 0.542169
0.987952 0.216867 0.0240964 0.951807 0.614458 0.879518
1.12048 0.686747 0.903614 0.626506 0.927711 0.325301
0.120482 0.73494 1.12048 0.951807 0.891566 0.807229
0.0722892 0.542169 1.13253 0.807229 0.819277 0.759036
0.0240964 0.650602 0.0963855 0.385542 1.03614 0.590361
0.722892 0.626506 0.26506 0.0120482 0.228916 0.879518
0.939759 0.843373 1.04819 1.04819 0.46988 1.03614
0 0.795181 1.07229 0.73494 0.337349 0.506024
1.0241 0.433735 0.975904 0.542169 0.590361 0.963855
1.15663 0.373494 0.987952 0.385542 1.06024 0.180723
0.843373 1.14458 0.0361446 0.638554 0.373494 0.578313
