0.797101 0.202899 0.695652 0.898551 1.13043 0.594203
0.463768 0.753623 1.36232 0.15942 0.246377 1.2029
1.2029 0.188406 0.884058 1 0.637681 0.565217
1.11594 0.492754 0.492754 0.0289855 1.34783 0.347826
0.362319 0.405797 0.710145 1.33333 0.0434783 0.115942
0.637681 1.26087 0.913043 0.898551 0.333333 1.42029
1.30435 0.289855 0.0869565 1.14493 0.463768 0.434783
1.05797 1.31884 0.594203 0.521739 0 1.34783
0.913043 1.3913 0.246377 0.811594 0.434783 1.17391
0.536232 0.811594 0.507246 1.30435 1 0.507246
0.463768 0.782609 1.26087 0.884058 1.17391 1.43478
0.304348 1.11594 0.681159 0.782609 1.43478 0.521739
1.34783 0.101449 1.23188 0.173913 0.971014 0.231884
0.942029 0.768116 0.391304 0.855072 1.42029 1.36232
0.333333 0.101449 0.855072 0.275362 1.08696 0.188406
0.681159 0.985507 1.14493 1.2029 1.17391 1.24638
0.73913 0.710145 1.21739 1.3913 1.02899 1.36232
0.333333 1.43478 0.130435 0.246377 0.797101 1.01449
0.710145 1.14493 0.898551 0.73913 0.0869565 1.3913
0.811594 0.231884 0.73913 0.26087 0.15942 0.333333
1.42029 0 1.13043 1.15942 1.08696 0.768116
1.11594 0.434783 0.84058 0.594203 1.24638 0.246377
1.34783 0.57971 0.898551 0.536232 1.33333 0.289855
0.434783 1.24638 0.913043 0.652174 1.01449 1.43478
0.0289855 0.913043 1.28986 0.594203 1.37681 1.21739
1.11594 0.144928 1.26087 0.347826 0.0289855 1.24638
0.623188 0.246377 1.18841 0.304348 0.753623 0.173913
0.478261 0.942029 1.42029 0.550725 0.275362 0.144928
0.753623 0.246377 0.985507 0.376812 0.884058 0.0724638
0.565217 1.36232 0.57971 1.43478 0.695652 0.289855
0.84058 1.14493 1.14493 1 1.02899 0.927536
0.0869565 0.173913 1.4058 0.057971 0.231884 1.42029
1.14493 0 0.57971 1.2029 0.710145 0.942029
0.73913 0.188406 0.42029 1.21739 0.898551 0.42029
0.869565 0.492754 0.173913 0.0144928 0.173913 0.463768
0.521739 1.33333 0.217391 0.637681 1.18841 0.869565
0.0869565 0.144928 1.04348 0.318841 0.898551 0.898551
1 1.42029 0.0434783 0.492754 0.231884 0.884058
0.304348 0.362319 0.0289855 0.347826 1.34783 0.652174
1.18841 0.26087 0.0289855 1.14493 0.73913 1.05797
1.34783 0.826087 1.08696 0.753623 1.11594 0.391304
0.144928 0.884058 1.34783 1.14493 1.07246 0.971014
0.0869565 0.652174 1.36232 0.971014 0.985507 0.913043
0.0289855 0.782609 0.115942 0.463768 1.24638 0.710145
0.869565 0.753623 0.318841 0.0144928 0.275362 1.05797
1.13043 1.01449 1.26087 1.26087 0.565217 1.24638
0 0.956522 1.28986 0.884058 0.405797 0.608696
1.23188 0.521739 1.17391 0.652174 0.710145 1.15942
1.3913 0.449275 1.18841 0.463768 1.27536 0.217391
1.01449 1.37681 0.0434783 0.768116 0.449275 0.695652
