0.625 0.159091 0.545455 0.704545 0.886364 0.465909
0.363636 0.590909 1.06818 0.125 0.193182 0.943182
0.943182 0.147727 0.693182 0.784091 0.5 0.443182
0.875 0.386364 0.386364 0.0227273 1.05682 0.272727
0.284091 0.318182 0.556818 1.04545 0.0340909 0.0909091
0.5 0.988636 0.715909 0.704545 0.261364 1.11364
1.02273 0.227273 0.0681818 0.897727 0.363636 0.340909
0.829545 1.03409 0.465909 0.409091 0 1.05682
0.715909 1.09091 0.193182 0.636364 0.340909 0.920455
0.420455 0.636364 0.397727 1.02273 0.784091 0.397727
0.363636 0.613636 0.988636 0.693182 0.920455 1.125
0.238636 0.875 0.534091 0.613636 1.125 0.409091
1.05682 0.0795455 0.965909 0.136364 0.761364 0.181818
0.738636 0.602273 0.306818 0.670455 1.11364 1.06818
0.261364 0.0795455 0.670455 0.215909 0.852273 0.147727
0.534091 0.772727 0.897727 0.943182 0.920455 0.977273
0.579545 0.556818 0.954545 1.09091 0.806818 1.06818
0.261364 1.125 0.102273 0.193182 0.625 0.795455
0.556818 0.897727 0.704545 0.579545 0.0681818 1.09091
0.636364 0.181818 0.579545 0.204545 0.125 0.261364
1.11364 0 0.886364 0.909091 0.852273 0.602273
0.875 0.340909 0.659091 0.465909 0.977273 0.193182
1.05682 0.454545 0.704545 0.420455 1.04545 0.227273
0.340909 0.977273 0.715909 0.511364 0.795455 1.125
0.0227273 0.715909 1.01136 0.465909 1.07955 0.954545
0.875 0.113636 0.988636 0.272727 0.0227273 0.977273
0.488636 0.193182 0.931818 0.238636 0.590909 0.136364
0.375 0.738636 1.11364 0.431818 0.215909 0.113636
0.590909 0.193182 0.772727 0.295455 0.693182 0.0568182
0.443182 1.06818 0.454545 1.125 0.545455 0.227273
0.659091 0.897727 0.897727 0.784091 0.806818 0.727273
0.0681818 0.136364 1.10227 0.0454545 0.181818 1.11364
0.897727 0 0.454545 0.943182 0.556818 0.738636
0.579545 0.147727 0.329545 0.954545 0.704545 0.329545
0.681818 0.386364 0.136364 0.0113636 0.136364 0.363636
0.409091 1.04545 0.170455 0.5 0.931818 0.681818
0.0681818 0.113636 0.818182 0.25 0.704545 0.704545
0.784091 1.11364 0.0340909 0.386364 0.181818 0.693182
0.238636 0.284091 0.0227273 0.272727 1.05682 0.511364
0.931818 0.204545 0.0227273 0.897727 0.579545 0.829545
1.05682 0.647727 0.852273 0.590909 0.875 0.306818
0.113636 0.693182 1.05682 0.897727 0.840909 0.761364
0.0681818 0.511364 1.06818 0.761364 0.772727 0.715909
0.0227273 0.613636 0.0909091 0.363636 0.977273 0.556818
0.681818 0.590909 0.25 0.0113636 0.215909 0.829545
0.886364 0.795455 0.988636 0.988636 0.443182 0.977273
0 0.75 1.01136 0.693182 0.318182 0.477273
0.965909 0.409091 0.920455 0.511364 0.556818 0.909091
1.09091 0.352273 0.931818 0.363636 1 0.170455
0.795455 1.07955 0.0340909 0.602273 0.352273 0.545455
