0.873016 0.222222 0.761905 0.984127 1.2381 0.650794
0.507937 0.825397 1.49206 0.174603 0.269841 1.31746
1.31746 0.206349 0.968254 1.09524 0.698413 0.619048
1.22222 0.539683 0.539683 0.031746 1.47619 0.380952
0.396825 0.444444 0.777778 1.46032 0.047619 0.126984
0.698413 1.38095 1 0.984127 0.365079 1.55556
1.42857 0.31746 0.0952381 1.25397 0.507937 0.47619
1.15873 1.44444 0.650794 0.571429 0 1.47619
1 1.52381 0.269841 0.888889 0.47619 1.28571
0.587302 0.888889 0.555556 1.42857 1.09524 0.555556
0.507937 0.857143 1.38095 0.968254 1.28571 1.57143
0.333333 1.22222 0.746032 0.857143 1.57143 0.571429
1.47619 0.111111 1.34921 0.190476 1.06349 0.253968
1.03175 0.84127 0.428571 0.936508 1.55556 1.49206
0.365079 0.111111 0.936508 0.301587 1.19048 0.206349
0.746032 1.07937 1.25397 1.31746 1.28571 1.36508
0.809524 0.777778 1.33333 1.52381 1.12698 1.49206
0.365079 1.57143 0.142857 0.269841 0.873016 1.11111
0.777778 1.25397 0.984127 0.809524 0.0952381 1.52381
0.888889 0.253968 0.809524 0.285714 0.174603 0.365079
1.55556 0 1.2381 1.26984 1.19048 0.84127
1.22222 0.47619 0.920635 0.650794 1.36508 0.269841
1.47619 0.634921 0.984127 0.587302 1.46032 0.31746
0.47619 1.36508 1 0.714286 1.11111 1.57143
0.031746 1 1.4127 0.650794 1.50794 1.33333
1.22222 0.15873 1.38095 0.380952 0.031746 1.36508
0.68254 0.269841 1.30159 0.333333 0.825397 0.190476
0.52381 1.03175 1.55556 0.603175 0.301587 0.15873
0.825397 0.269841 1.07937 0.412698 0.968254 0.0793651
0.619048 1.49206 0.634921 1.57143 0.761905 0.31746
0.920635 1.25397 1.25397 1.09524 1.12698 1.01587
0.0952381 0.190476 1.53968 0.0634921 0.253968 1.55556
1.25397 0 0.634921 1.31746 0.777778 1.03175
0.809524 0.206349 0.460317 1.33333 0.984127 0.460317
0.952381 0.539683 0.190476 0.015873 0.190476 0.507937
0.571429 1.46032 0.238095 0.698413 1.30159 0.952381
0.0952381 0.15873 1.14286 0.349206 0.984127 0.984127
1.09524 1.55556 0.047619 0.539683 0.253968 0.968254
0.333333 0.396825 0.031746 0.380952 1.47619 0.714286
1.30159 0.285714 0.031746 1.25397 0.809524 1.15873
1.47619 0.904762 1.19048 0.825397 1.22222 0.428571
0.15873 0.968254 1.47619 1.25397 1.1746 1.06349
0.0952381 0.714286 1.49206 1.06349 1.07937 1
0.031746 0.857143 0.126984 0.507937 1.36508 0.777778
0.952381 0.825397 0.349206 0.015873 0.301587 1.15873
1.2381 1.11111 1.38095 1.38095 0.619048 1.36508
0 1.04762 1.4127 0.968254 0.444444 0.666667
1.34921 0.571429 1.28571 0.714286 0.777778 1.26984
1.52381 0.492063 1.30159 0.507937 1.39683 0.238095
1.11111 1.50794 0.047619 0.84127 0.492063 0.761905
