0.820896 0.208955 0.716418 0.925373 1.16418 0.61194
0.477612 0.776119 1.40299 0.164179 0.253731 1.23881
1.23881 0.19403 0.910448 1.02985 0.656716 0.58209
1.14925 0.507463 0.507463 0.0298507 1.38806 0.358209
0.373134 0.41791 0.731343 1.37313 0.0447761 0.119403
0.656716 1.29851 0.940299 0.925373 0.343284 1.46269
1.34328 0.298507 0.0895522 1.1791 0.477612 0.447761
1.08955 1.35821 0.61194 0.537313 0 1.38806
0.940299 1.43284 0.253731 0.835821 0.447761 1.20896
0.552239 0.835821 0.522388 1.34328 1.02985 0.522388
0.477612 0.80597 1.29851 0.910448 1.20896 1.47761
0.313433 1.14925 0.701493 0.80597 1.47761 0.537313
1.38806 0.104478 1.26866 0.179104 1 0.238806
0.970149 0.791045 0.402985 0.880597 1.46269 1.40299
0.343284 0.104478 0.880597 0.283582 1.1194 0.19403
0.701493 1.01493 1.1791 1.23881 1.20896 1.28358
0.761194 0.731343 1.25373 1.43284 1.0597 1.40299
0.343284 1.47761 0.134328 0.253731 0.820896 1.04478
0.731343 1.1791 0.925373 0.761194 0.0895522 1.43284
0.835821 0.238806 0.761194 0.268657 0.164179 0.343284
1.46269 0 1.16418 1.19403 1.1194 0.791045
1.14925 0.447761 0.865672 0.61194 1.28358 0.253731
1.38806 0.597015 0.925373 0.552239 1.37313 0.298507
0.447761 1.28358 0.940299 0.671642 1.04478 1.47761
0.0298507 0.940299 1.32836 0.61194 1.41791 1.25373
1.14925 0.149254 1.29851 0.358209 0.0298507 1.28358
0.641791 0.253731 1.22388 0.313433 0.776119 0.179104
0.492537 0.970149 1.46269 0.567164 0.283582 0.149254
0.776119 0.253731 1.01493 0.38806 0.910448 0.0746269
0.58209 1.40299 0.597015 1.47761 0.716418 0.298507
0.865672 1.1791 1.1791 1.02985 1.0597 0.955224
0.0895522 0.179104 1.44776 0.0597015 0.238806 1.46269
1.1791 0 0.597015 1.23881 0.731343 0.970149
0.761194 0.19403 0.432836 1.25373 0.925373 0.432836
0.895522 0.507463 0.179104 0.0149254 0.179104 0.477612
0.537313 1.37313 0.223881 0.656716 1.22388 0.895522
0.0895522 0.149254 1.07463 0.328358 0.925373 0.925373
1.02985 1.46269 0.0447761 0.507463 0.238806 0.910448
0.313433 0.373134 0.0298507 0.358209 1.38806 0.671642
1.22388 0.268657 0.0298507 1.1791 0.761194 1.08955
1.38806 0.850746 1.1194 0.776119 1.14925 0.402985
0.149254 0.910448 1.38806 1.1791 1.10448 1
0.0895522 0.671642 1.40299 1 1.01493 0.940299
0.0298507 0.80597 0.119403 0.477612 1.28358 0.731343
0.895522 0.776119 0.328358 0.0149254 0.283582 1.08955
1.16418 1.04478 1.29851 1.29851 0.58209 1.28358
0 0.985075 1.32836 0.910448 0.41791 0.626866
1.26866 0.537313 1.20896 0.671642 0.731343 1.19403
1.43284 0.462687 1.22388 0.477612 1.31343 0.223881
1.04478 1.41791 0.0447761 0.791045 0.462687 0.716418
