0.932203 0.237288 0.813559 1.05085 1.32203 0.694915
0.542373 0.881356 1.59322 0.186441 0.288136 1.40678
1.40678 0.220339 1.0339 1.16949 0.745763 0.661017
1.30508 0.576271 0.576271 0.0338983 1.57627 0.40678
0.423729 0.474576 0.830508 1.55932 0.0508475 0.135593
0.745763 1.47458 1.0678 1.05085 0.389831 1.66102
1.52542 0.338983 0.101695 1.33898 0.542373 0.508475
1.23729 1.54237 0.694915 0.610169 0 1.57627
1.0678 1.62712 0.288136 0.949153 0.508475 1.37288
0.627119 0.949153 0.59322 1.52542 1.16949 0.59322
0.542373 0.915254 1.47458 1.0339 1.37288 1.67797
0.355932 1.30508 0.79661 0.915254 1.67797 0.610169
1.57627 0.118644 1.44068 0.20339 1.13559 0.271186
1.10169 0.898305 0.457627 1 1.66102 1.59322
0.389831 0.118644 1 0.322034 1.27119 0.220339
0.79661 1.15254 1.33898 1.40678 1.37288 1.45763
0.864407 0.830508 1.42373 1.62712 1.20339 1.59322
0.389831 1.67797 0.152542 0.288136 0.932203 1.18644
0.830508 1.33898 1.05085 0.864407 0.101695 1.62712
0.949153 0.271186 0.864407 0.305085 0.186441 0.389831
1.66102 0 1.32203 1.35593 1.27119 0.898305
1.30508 0.508475 0.983051 0.694915 1.45763 0.288136
1.57627 0.677966 1.05085 0.627119 1.55932 0.338983
0.508475 1.45763 1.0678 0.762712 1.18644 1.67797
0.0338983 1.0678 1.50847 0.694915 1.61017 1.42373
1.30508 0.169492 1.47458 0.40678 0.0338983 1.45763
0.728814 0.288136 1.38983 0.355932 0.881356 0.20339
0.559322 1.10169 1.66102 0.644068 0.322034 0.169492
0.881356 0.288136 1.15254 0.440678 1.0339 0.0847458
0.661017 1.59322 0.677966 1.67797 0.813559 0.338983
0.983051 1.33898 1.33898 1.16949 1.20339 1.08475
0.101695 0.20339 1.64407 0.0677966 0.271186 1.66102
1.33898 0 0.677966 1.40678 0.830508 1.10169
0.864407 0.220339 0.491525 1.42373 1.05085 0.491525
1.01695 0.576271 0.20339 0.0169492 0.20339 0.542373
0.610169 1.55932 0.254237 0.745763 1.38983 1.01695
0.101695 0.169492 1.22034 0.372881 1.05085 1.05085
1.16949 1.66102 0.0508475 0.576271 0.271186 1.0339
0.355932 0.423729 0.0338983 0.40678 1.57627 0.762712
1.38983 0.305085 0.0338983 1.33898 0.864407 1.23729
1.57627 0.966102 1.27119 0.881356 1.30508 0.457627
0.169492 1.0339 1.57627 1.33898 1.25424 1.13559
0.101695 0.762712 1.59322 1.13559 1.15254 1.0678
0.0338983 0.915254 0.135593 0.542373 1.45763 0.830508
1.01695 0.881356 0.372881 0.0169492 0.322034 1.23729
1.32203 1.18644 1.47458 1.47458 0.661017 1.45763
0 1.11864 1.50847 1.0339 0.474576 0.711864
1.44068 0.610169 1.37288 0.762712 0.830508 1.35593
1.62712 0.525424 1.38983 0.542373 1.49153 0.254237
1.18644 1.61017 0.0508475 0.898305 0.525424 0.813559
