0.585106 0.148936 0.510638 0.659574 0.829787 0.43617
0.340426 0.553191 1 0.117021 0.180851 0.882979
0.882979 0.138298 0.648936 0.734043 0.468085 0.414894
0.819149 0.361702 0.361702 0.0212766 0.989362 0.255319
0.265957 0.297872 0.521277 0.978723 0.0319149 0.0851064
0.468085 0.925532 0.670213 0.659574 0.244681 1.04255
0.957447 0.212766 0.0638298 0.840426 0.340426 0.319149
0.776596 0.968085 0.43617 0.382979 0 0.989362
0.670213 1.02128 0.180851 0.595745 0.319149 0.861702
0.393617 0.595745 0.37234 0.957447 0.734043 0.37234
0.340426 0.574468 0.925532 0.648936 0.861702 1.05319
0.223404 0.819149 0.5 0.574468 1.05319 0.382979
0.989362 0.0744681 0.904255 0.12766 0.712766 0.170213
0.691489 0.56383 0.287234 0.62766 1.04255 1
0.244681 0.0744681 0.62766 0.202128 0.797872 0.138298
0.5 0.723404 0.840426 0.882979 0.861702 0.914894
0.542553 0.521277 0.893617 1.02128 0.755319 1
0.244681 1.05319 0.0957447 0.180851 0.585106 0.744681
0.521277 0.840426 0.659574 0.542553 0.0638298 1.02128
0.595745 0.170213 0.542553 0.191489 0.117021 0.244681
1.04255 0 0.829787 0.851064 0.797872 0.56383
0.819149 0.319149 0.617021 0.43617 0.914894 0.180851
0.989362 0.425532 0.659574 0.393617 0.978723 0.212766
0.319149 0.914894 0.670213 0.478723 0.744681 1.05319
0.0212766 0.670213 0.946809 0.43617 1.01064 0.893617
0.819149 0.106383 0.925532 0.255319 0.0212766 0.914894
0.457447 0.180851 0.87234 0.223404 0.553191 0.12766
0.351064 0.691489 1.04255 0.404255 0.202128 0.106383
0.553191 0.180851 0.723404 0.276596 0.648936 0.0531915
0.414894 1 0.425532 1.05319 0.510638 0.212766
0.617021 0.840426 0.840426 0.734043 0.755319 0.680851
0.0638298 0.12766 1.03191 0.0425532 0.170213 1.04255
0.840426 0 0.425532 0.882979 0.521277 0.691489
0.542553 0.138298 0.308511 0.893617 0.659574 0.308511
0.638298 0.361702 0.12766 0.0106383 0.12766 0.340426
0.382979 0.978723 0.159574 0.468085 0.87234 0.638298
0.0638298 0.106383 0.765957 0.234043 0.659574 0.659574
0.734043 1.04255 0.0319149 0.361702 0.170213 0.648936
0.223404 0.265957 0.0212766 0.255319 0.989362 0.478723
0.87234 0.191489 0.0212766 0.840426 0.542553 0.776596
0.989362 0.606383 0.797872 0.553191 0.819149 0.287234
0.106383 0.648936 0.989362 0.840426 0.787234 0.712766
0.0638298 0.478723 1 0.712766 0.723404 0.670213
0.0212766 0.574468 0.0851064 0.340426 0.914894 0.521277
0.638298 0.553191 0.234043 0.0106383 0.202128 0.776596
0.829787 0.744681 0.925532 0.925532 0.414894 0.914894
0 0.702128 0.946809 0.648936 0.297872 0.446809
0.904255 0.382979 0.861702 0.478723 0.521277 0.851064
1.02128 0.329787 0.87234 0.340426 0.93617 0.159574
0.744681 1.01064 0.0319149 0.56383 0.329787 0.510638
