1.77419 0.451613 1.54839 2 2.51613 1.32258
1.03226 1.67742 3.03226 0.354839 0.548387 2.67742
2.67742 0.419355 1.96774 2.22581 1.41935 1.25806
2.48387 1.09677 1.09677 0.0645161 3 0.774194
0.806452 0.903226 1.58065 2.96774 0.0967742 0.258065
1.41935 2.80645 2.03226 2 0.741935 3.16129
2.90323 0.645161 0.193548 2.54839 1.03226 0.967742
2.35484 2.93548 1.32258 1.16129 0 3
2.03226 3.09677 0.548387 1.80645 0.967742 2.6129
1.19355 1.80645 1.12903 2.90323 2.22581 1.12903
1.03226 1.74194 2.80645 1.96774 2.6129 3.19355
0.677419 2.48387 1.51613 1.74194 3.19355 1.16129
3 0.225806 2.74194 0.387097 2.16129 0.516129
2.09677 1.70968 0.870968 1.90323 3.16129 3.03226
0.741935 0.225806 1.90323 0.612903 2.41935 0.419355
1.51613 2.19355 2.54839 2.67742 2.6129 2.77419
1.64516 1.58065 2.70968 3.09677 2.29032 3.03226
0.741935 3.19355 0.290323 0.548387 1.77419 2.25806
1.58065 2.54839 2 1.64516 0.193548 3.09677
1.80645 0.516129 1.64516 0.580645 0.354839 0.741935
3.16129 0 2.51613 2.58065 2.41935 1.70968
2.48387 0.967742 1.87097 1.32258 2.77419 0.548387
3 1.29032 2 1.19355 2.96774 0.645161
0.967742 2.77419 2.03226 1.45161 2.25806 3.19355
0.0645161 2.03226 2.87097 1.32258 3.06452 2.70968
2.48387 0.322581 2.80645 0.774194 0.0645161 2.77419
1.3871 0.548387 2.64516 0.677419 1.67742 0.387097
1.06452 2.09677 3.16129 1.22581 0.612903 0.322581
1.67742 0.548387 2.19355 0.83871 1.96774 0.16129
1.25806 3.03226 1.29032 3.19355 1.54839 0.645161
1.87097 2.54839 2.54839 2.22581 2.29032 2.06452
0.193548 0.387097 3.12903 0.129032 0.516129 3.16129
2.54839 0 1.29032 2.67742 1.58065 2.09677
1.64516 0.419355 0.935484 2.70968 2 0.935484
1.93548 1.09677 0.387097 0.0322581 0.387097 1.03226
1.16129 2.96774 0.483871 1.41935 2.64516 1.93548
0.193548 0.322581 2.32258 0.709677 2 2
2.22581 3.16129 0.0967742 1.09677 0.516129 1.96774
0.677419 0.806452 0.0645161 0.774194 3 1.45161
2.64516 0.580645 0.0645161 2.54839 1.64516 2.35484
3 1.83871 2.41935 1.67742 2.48387 0.870968
0.322581 1.96774 3 2.54839 2.3871 2.16129
0.193548 1.45161 3.03226 2.16129 2.19355 2.03226
0.0645161 1.74194 0.258065 1.03226 2.77419 1.58065
1.93548 1.67742 0.709677 0.0322581 0.612903 2.35484
2.51613 2.25806 2.80645 2.80645 1.25806 2.77419
0 2.12903 2.87097 1.96774 0.903226 1.35484
2.74194 1.16129 2.6129 1.45161 1.58065 2.58065
3.09677 1 2.64516 1.03226 2.83871 0.483871
2.25806 3.06452 0.0967742 1.70968 1 1.54839
