1.12245 0.285714 0.979592 1.26531 1.59184 0.836735
0.653061 1.06122 1.91837 0.22449 0.346939 1.69388
1.69388 0.265306 1.2449 1.40816 0.897959 0.795918
1.57143 0.693878 0.693878 0.0408163 1.89796 0.489796
0.510204 0.571429 1 1.87755 0.0612245 0.163265
0.897959 1.77551 1.28571 1.26531 0.469388 2
1.83673 0.408163 0.122449 1.61224 0.653061 0.612245
1.4898 1.85714 0.836735 0.734694 0 1.89796
1.28571 1.95918 0.346939 1.14286 0.612245 1.65306
0.755102 1.14286 0.714286 1.83673 1.40816 0.714286
0.653061 1.10204 1.77551 1.2449 1.65306 2.02041
0.428571 1.57143 0.959184 1.10204 2.02041 0.734694
1.89796 0.142857 1.73469 0.244898 1.36735 0.326531
1.32653 1.08163 0.55102 1.20408 2 1.91837
0.469388 0.142857 1.20408 0.387755 1.53061 0.265306
0.959184 1.38776 1.61224 1.69388 1.65306 1.7551
1.04082 1 1.71429 1.95918 1.44898 1.91837
0.469388 2.02041 0.183673 0.346939 1.12245 1.42857
1 1.61224 1.26531 1.04082 0.122449 1.95918
1.14286 0.326531 1.04082 0.367347 0.22449 0.469388
2 0 1.59184 1.63265 1.53061 1.08163
1.57143 0.612245 1.18367 0.836735 1.7551 0.346939
1.89796 0.816327 1.26531 0.755102 1.87755 0.408163
0.612245 1.7551 1.28571 0.918367 1.42857 2.02041
0.0408163 1.28571 1.81633 0.836735 1.93878 1.71429
1.57143 0.204082 1.77551 0.489796 0.0408163 1.7551
0.877551 0.346939 1.67347 0.428571 1.06122 0.244898
0.673469 1.32653 2 0.77551 0.387755 0.204082
1.06122 0.346939 1.38776 0.530612 1.2449 0.102041
0.795918 1.91837 0.816327 2.02041 0.979592 0.408163
1.18367 1.61224 1.61224 1.40816 1.44898 1.30612
0.122449 0.244898 1.97959 0.0816327 0.326531 2
1.61224 0 0.816327 1.69388 1 1.32653
1.04082 0.265306 0.591837 1.71429 1.26531 0.591837
1.22449 0.693878 0.244898 0.0204082 0.244898 0.653061
0.734694 1.87755 0.306122 0.897959 1.67347 1.22449
0.122449 0.204082 1.46939 0.44898 1.26531 1.26531
1.40816 2 0.0612245 0.693878 0.326531 1.2449
0.428571 0.510204 0.0408163 0.489796 1.89796 0.918367
1.67347 0.367347 0.0408163 1.61224 1.04082 1.4898
1.89796 1.16327 1.53061 1.06122 1.57143 0.55102
0.204082 1.2449 1.89796 1.61224 1.5102 1.36735
0.122449 0.918367 1.91837 1.36735 1.38776 1.28571
0.0408163 1.10204 0.163265 0.653061 1.7551 1
1.22449 1.06122 0.44898 0.0204082 0.387755 1.4898
1.59184 1.42857 1.77551 1.77551 0.795918 1.7551
0 1.34694 1.81633 1.2449 0.571429 0.857143
1.73469 0.734694 1.65306 0.918367 1 1.63265
1.95918 0.632653 1.67347 0.653061 1.79592 0.306122
1.42857 1.93878 0.0612245 1.08163 0.632653 0.979592
