1.1 0.28 0.96 1.24 1.56 0.82
0.64 1.04 1.88 0.22 0.34 1.66
1.66 0.26 1.22 1.38 0.88 0.78
1.54 0.68 0.68 0.04 1.86 0.48
0.5 0.56 0.98 1.84 0.06 0.16
0.88 1.74 1.26 1.24 0.46 1.96
1.8 0.4 0.12 1.58 0.64 0.6
1.46 1.82 0.82 0.72 0 1.86
1.26 1.92 0.34 1.12 0.6 1.62
0.74 1.12 0.7 1.8 1.38 0.7
0.64 1.08 1.74 1.22 1.62 1.98
0.42 1.54 0.94 1.08 1.98 0.72
1.86 0.14 1.7 0.24 1.34 0.32
1.3 1.06 0.54 1.18 1.96 1.88
0.46 0.14 1.18 0.38 1.5 0.26
0.94 1.36 1.58 1.66 1.62 1.72
1.02 0.98 1.68 1.92 1.42 1.88
0.46 1.98 0.18 0.34 1.1 1.4
0.98 1.58 1.24 1.02 0.12 1.92
1.12 0.32 1.02 0.36 0.22 0.46
1.96 0 1.56 1.6 1.5 1.06
1.54 0.6 1.16 0.82 1.72 0.34
1.86 0.8 1.24 0.74 1.84 0.4
0.6 1.72 1.26 0.9 1.4 1.98
0.04 1.26 1.78 0.82 1.9 1.68
1.54 0.2 1.74 0.48 0.04 1.72
0.86 0.34 1.64 0.42 1.04 0.24
0.66 1.3 1.96 0.76 0.38 0.2
1.04 0.34 1.36 0.52 1.22 0.1
0.78 1.88 0.8 1.98 0.96 0.4
1.16 1.58 1.58 1.38 1.42 1.28
0.12 0.24 1.94 0.08 0.32 1.96
1.58 0 0.8 1.66 0.98 1.3
1.02 0.26 0.58 1.68 1.24 0.58
1.2 0.68 0.24 0.02 0.24 0.64
0.72 1.84 0.3 0.88 1.64 1.2
0.12 0.2 1.44 0.44 1.24 1.24
1.38 1.96 0.06 0.68 0.32 1.22
0.42 0.5 0.04 0.48 1.86 0.9
1.64 0.36 0.04 1.58 1.02 1.46
1.86 1.14 1.5 1.04 1.54 0.54
0.2 1.22 1.86 1.58 1.48 1.34
0.12 0.9 1.88 1.34 1.36 1.26
0.04 1.08 0.16 0.64 1.72 0.98
1.2 1.04 0.44 0.02 0.38 1.46
1.56 1.4 1.74 1.74 0.78 1.72
0 1.32 1.78 1.22 0.56 0.84
1.7 0.72 1.62 0.9 0.98 1.6
1.92 0.62 1.64 0.64 1.76 0.3
1.4 1.9 0.06 1.06 0.62 0.96
