4.58333 1.16667 4 5.16667 6.5 3.41667
2.66667 4.33333 7.83333 0.916667 1.41667 6.91667
6.91667 1.08333 5.08333 5.75 3.66667 3.25
6.41667 2.83333 2.83333 0.166667 7.75 2
2.08333 2.33333 4.08333 7.66667 0.25 0.666667
3.66667 7.25 5.25 5.16667 1.91667 8.16667
7.5 1.66667 0.5 6.58333 2.66667 2.5
6.08333 7.58333 3.41667 3 0 7.75
5.25 8 1.41667 4.66667 2.5 6.75
3.08333 4.66667 2.91667 7.5 5.75 2.91667
2.66667 4.5 7.25 5.08333 6.75 8.25
1.75 6.41667 3.91667 4.5 8.25 3
7.75 0.583333 7.08333 1 5.58333 1.33333
5.41667 4.41667 2.25 4.91667 8.16667 7.83333
1.91667 0.583333 4.91667 1.58333 6.25 1.08333
3.91667 5.66667 6.58333 6.91667 6.75 7.16667
4.25 4.08333 7 8 5.91667 7.83333
1.91667 8.25 0.75 1.41667 4.58333 5.83333
4.08333 6.58333 5.16667 4.25 0.5 8
4.66667 1.33333 4.25 1.5 0.916667 1.91667
8.16667 0 6.5 6.66667 6.25 4.41667
6.41667 2.5 4.83333 3.41667 7.16667 1.41667
7.75 3.33333 5.16667 3.08333 7.66667 1.66667
2.5 7.16667 5.25 3.75 5.83333 8.25
0.166667 5.25 7.41667 3.41667 7.91667 7
6.41667 0.833333 7.25 2 0.166667 7.16667
3.58333 1.41667 6.83333 1.75 4.33333 1
2.75 5.41667 8.16667 3.16667 1.58333 0.833333
4.33333 1.41667 5.66667 2.16667 5.08333 0.416667
3.25 7.83333 3.33333 8.25 4 1.66667
4.83333 6.58333 6.58333 5.75 5.91667 5.33333
0.5 1 8.08333 0.333333 1.33333 8.16667
6.58333 0 3.33333 6.91667 4.08333 5.41667
4.25 1.08333 2.41667 7 5.16667 2.41667
5 2.83333 1 0.0833333 1 2.66667
3 7.66667 1.25 3.66667 6.83333 5
0.5 0.833333 6 1.83333 5.16667 5.16667
5.75 8.16667 0.25 2.83333 1.33333 5.08333
1.75 2.08333 0.166667 2 7.75 3.75
6.83333 1.5 0.166667 6.58333 4.25 6.08333
7.75 4.75 6.25 4.33333 6.41667 2.25
0.833333 5.08333 7.75 6.58333 6.16667 5.58333
0.5 3.75 7.83333 5.58333 5.66667 5.25
0.166667 4.5 0.666667 2.66667 7.16667 4.08333
5 4.33333 1.83333 0.0833333 1.58333 6.08333
6.5 5.83333 7.25 7.25 3.25 7.16667
0 5.5 7.41667 5.08333 2.33333 3.5
7.08333 3 6.75 3.75 4.08333 6.66667
8 2.58333 6.83333 2.66667 7.33333 1.25
5.83333 7.91667 0.25 4.41667 2.58333 4
