0.714286 0.181818 0.623377 0.805195 1.01299 0.532468
0.415584 0.675325 1.22078 0.142857 0.220779 1.07792
1.07792 0.168831 0.792208 0.896104 0.571429 0.506494
1 0.441558 0.441558 0.025974 1.20779 0.311688
0.324675 0.363636 0.636364 1.19481 0.038961 0.103896
0.571429 1.12987 0.818182 0.805195 0.298701 1.27273
1.16883 0.25974 0.0779221 1.02597 0.415584 0.38961
0.948052 1.18182 0.532468 0.467532 0 1.20779
0.818182 1.24675 0.220779 0.727273 0.38961 1.05195
0.480519 0.727273 0.454545 1.16883 0.896104 0.454545
0.415584 0.701299 1.12987 0.792208 1.05195 1.28571
0.272727 1 0.61039 0.701299 1.28571 0.467532
1.20779 0.0909091 1.1039 0.155844 0.87013 0.207792
0.844156 0.688312 0.350649 0.766234 1.27273 1.22078
0.298701 0.0909091 0.766234 0.246753 0.974026 0.168831
0.61039 0.883117 1.02597 1.07792 1.05195 1.11688
0.662338 0.636364 1.09091 1.24675 0.922078 1.22078
0.298701 1.28571 0.116883 0.220779 0.714286 0.909091
0.636364 1.02597 0.805195 0.662338 0.0779221 1.24675
0.727273 0.207792 0.662338 0.233766 0.142857 0.298701
1.27273 0 1.01299 1.03896 0.974026 0.688312
1 0.38961 0.753247 0.532468 1.11688 0.220779
1.20779 0.519481 0.805195 0.480519 1.19481 0.25974
0.38961 1.11688 0.818182 0.584416 0.909091 1.28571
0.025974 0.818182 1.15584 0.532468 1.23377 1.09091
1 0.12987 1.12987 0.311688 0.025974 1.11688
0.558442 0.220779 1.06494 0.272727 0.675325 0.155844
0.428571 0.844156 1.27273 0.493506 0.246753 0.12987
0.675325 0.220779 0.883117 0.337662 0.792208 0.0649351
0.506494 1.22078 0.519481 1.28571 0.623377 0.25974
0.753247 1.02597 1.02597 0.896104 0.922078 0.831169
0.0779221 0.155844 1.25974 0.0519481 0.207792 1.27273
1.02597 0 0.519481 1.07792 0.636364 0.844156
0.662338 0.168831 0.376623 1.09091 0.805195 0.376623
0.779221 0.441558 0.155844 0.012987 0.155844 0.415584
0.467532 1.19481 0.194805 0.571429 1.06494 0.779221
0.0779221 0.12987 0.935065 0.285714 0.805195 0.805195
0.896104 1.27273 0.038961 0.441558 0.207792 0.792208
0.272727 0.324675 0.025974 0.311688 1.20779 0.584416
1.06494 0.233766 0.025974 1.02597 0.662338 0.948052
1.20779 0.74026 0.974026 0.675325 1 0.350649
0.12987 0.792208 1.20779 1.02597 0.961039 0.87013
0.0779221 0.584416 1.22078 0.87013 0.883117 0.818182
0.025974 0.701299 0.103896 0.415584 1.11688 0.636364
0.779221 0.675325 0.285714 0.012987 0.246753 0.948052
1.01299 0.909091 1.12987 1.12987 0.506494 1.11688
0 0.857143 1.15584 0.792208 0.363636 0.545455
1.1039 0.467532 1.05195 0.584416 0.636364 1.03896
1.24675 0.402597 1.06494 0.415584 1.14286 0.194805
0.909091 1.23377 0.038961 0.688312 0.402597 0.623377
