1.66667 0.424242 1.45455 1.87879 2.36364 1.24242
0.969697 1.57576 2.84848 0.333333 0.515152 2.51515
2.51515 0.393939 1.84848 2.09091 1.33333 1.18182
2.33333 1.0303 1.0303 0.0606061 2.81818 0.727273
0.757576 0.848485 1.48485 2.78788 0.0909091 0.242424
1.33333 2.63636 1.90909 1.87879 0.69697 2.9697
2.72727 0.606061 0.181818 2.39394 0.969697 0.909091
2.21212 2.75758 1.24242 1.09091 0 2.81818
1.90909 2.90909 0.515152 1.69697 0.909091 2.45455
1.12121 1.69697 1.06061 2.72727 2.09091 1.06061
0.969697 1.63636 2.63636 1.84848 2.45455 3
0.636364 2.33333 1.42424 1.63636 3 1.09091
2.81818 0.212121 2.57576 0.363636 2.0303 0.484848
1.9697 1.60606 0.818182 1.78788 2.9697 2.84848
0.69697 0.212121 1.78788 0.575758 2.27273 0.393939
1.42424 2.06061 2.39394 2.51515 2.45455 2.60606
1.54545 1.48485 2.54545 2.90909 2.15152 2.84848
0.69697 3 0.272727 0.515152 1.66667 2.12121
1.48485 2.39394 1.87879 1.54545 0.181818 2.90909
1.69697 0.484848 1.54545 0.545455 0.333333 0.69697
2.9697 0 2.36364 2.42424 2.27273 1.60606
2.33333 0.909091 1.75758 1.24242 2.60606 0.515152
2.81818 1.21212 1.87879 1.12121 2.78788 0.606061
0.909091 2.60606 1.90909 1.36364 2.12121 3
0.0606061 1.90909 2.69697 1.24242 2.87879 2.54545
2.33333 0.30303 2.63636 0.727273 0.0606061 2.60606
1.30303 0.515152 2.48485 0.636364 1.57576 0.363636
1 1.9697 2.9697 1.15152 0.575758 0.30303
1.57576 0.515152 2.06061 0.787879 1.84848 0.151515
1.18182 2.84848 1.21212 3 1.45455 0.606061
1.75758 2.39394 2.39394 2.09091 2.15152 1.93939
0.181818 0.363636 2.93939 0.121212 0.484848 2.9697
2.39394 0 1.21212 2.51515 1.48485 1.9697
1.54545 0.393939 0.878788 2.54545 1.87879 0.878788
1.81818 1.0303 0.363636 0.030303 0.363636 0.969697
1.09091 2.78788 0.454545 1.33333 2.48485 1.81818
0.181818 0.30303 2.18182 0.666667 1.87879 1.87879
2.09091 2.9697 0.0909091 1.0303 0.484848 1.84848
0.636364 0.757576 0.0606061 0.727273 2.81818 1.36364
2.48485 0.545455 0.0606061 2.39394 1.54545 2.21212
2.81818 1.72727 2.27273 1.57576 2.33333 0.818182
0.30303 1.84848 2.81818 2.39394 2.24242 2.0303
0.181818 1.36364 2.84848 2.0303 2.06061 1.90909
0.0606061 1.63636 0.242424 0.969697 2.60606 1.48485
1.81818 1.57576 0.666667 0.030303 0.575758 2.21212
2.36364 2.12121 2.63636 2.63636 1.18182 2.60606
0 2 2.69697 1.84848 0.848485 1.27273
2.57576 1.09091 2.45455 1.36364 1.48485 2.42424
2.90909 0.939394 2.48485 0.969697 2.66667 0.454545
2.12121 2.87879 0.0909091 1.60606 0.939394 1.45455
