0.964912 0.245614 0.842105 1.08772 1.36842 0.719298
0.561404 0.912281 1.64912 0.192982 0.298246 1.45614
1.45614 0.22807 1.07018 1.21053 0.77193 0.684211
1.35088 0.596491 0.596491 0.0350877 1.63158 0.421053
0.438596 0.491228 0.859649 1.61404 0.0526316 0.140351
0.77193 1.52632 1.10526 1.08772 0.403509 1.7193
1.57895 0.350877 0.105263 1.38596 0.561404 0.526316
1.2807 1.59649 0.719298 0.631579 0 1.63158
1.10526 1.68421 0.298246 0.982456 0.526316 1.42105
0.649123 0.982456 0.614035 1.57895 1.21053 0.614035
0.561404 0.947368 1.52632 1.07018 1.42105 1.73684
0.368421 1.35088 0.824561 0.947368 1.73684 0.631579
1.63158 0.122807 1.49123 0.210526 1.17544 0.280702
1.14035 0.929825 0.473684 1.03509 1.7193 1.64912
0.403509 0.122807 1.03509 0.333333 1.31579 0.22807
0.824561 1.19298 1.38596 1.45614 1.42105 1.50877
0.894737 0.859649 1.47368 1.68421 1.24561 1.64912
0.403509 1.73684 0.157895 0.298246 0.964912 1.22807
0.859649 1.38596 1.08772 0.894737 0.105263 1.68421
0.982456 0.280702 0.894737 0.315789 0.192982 0.403509
1.7193 0 1.36842 1.40351 1.31579 0.929825
1.35088 0.526316 1.01754 0.719298 1.50877 0.298246
1.63158 0.701754 1.08772 0.649123 1.61404 0.350877
0.526316 1.50877 1.10526 0.789474 1.22807 1.73684
0.0350877 1.10526 1.5614 0.719298 1.66667 1.47368
1.35088 0.175439 1.52632 0.421053 0.0350877 1.50877
0.754386 0.298246 1.4386 0.368421 0.912281 0.210526
0.578947 1.14035 1.7193 0.666667 0.333333 0.175439
0.912281 0.298246 1.19298 0.45614 1.07018 0.0877193
0.684211 1.64912 0.701754 1.73684 0.842105 0.350877
1.01754 1.38596 1.38596 1.21053 1.24561 1.12281
0.105263 0.210526 1.70175 0.0701754 0.280702 1.7193
1.38596 0 0.701754 1.45614 0.859649 1.14035
0.894737 0.22807 0.508772 1.47368 1.08772 0.508772
1.05263 0.596491 0.210526 0.0175439 0.210526 0.561404
0.631579 1.61404 0.263158 0.77193 1.4386 1.05263
0.105263 0.175439 1.26316 0.385965 1.08772 1.08772
1.21053 1.7193 0.0526316 0.596491 0.280702 1.07018
0.368421 0.438596 0.0350877 0.421053 1.63158 0.789474
1.4386 0.315789 0.0350877 1.38596 0.894737 1.2807
1.63158 1 1.31579 0.912281 1.35088 0.473684
0.175439 1.07018 1.63158 1.38596 1.29825 1.17544
0.105263 0.789474 1.64912 1.17544 1.19298 1.10526
0.0350877 0.947368 0.140351 0.561404 1.50877 0.859649
1.05263 0.912281 0.385965 0.0175439 0.333333 1.2807
1.36842 1.22807 1.52632 1.52632 0.684211 1.50877
0 1.15789 1.5614 1.07018 0.491228 0.736842
1.49123 0.631579 1.42105 0.789474 0.859649 1.40351
1.68421 0.54386 1.4386 0.561404 1.54386 0.263158
1.22807 1.66667 0.0526316 0.929825 0.54386 0.842105
