0.733333 0.186667 0.64 0.826667 1.04 0.546667
0.426667 0.693333 1.25333 0.146667 0.226667 1.10667
1.10667 0.173333 0.813333 0.92 0.586667 0.52
1.02667 0.453333 0.453333 0.0266667 1.24 0.32
0.333333 0.373333 0.653333 1.22667 0.04 0.106667
0.586667 1.16 0.84 0.826667 0.306667 1.30667
1.2 0.266667 0.08 1.05333 0.426667 0.4
0.973333 1.21333 0.546667 0.48 0 1.24
0.84 1.28 0.226667 0.746667 0.4 1.08
0.493333 0.746667 0.466667 1.2 0.92 0.466667
0.426667 0.72 1.16 0.813333 1.08 1.32
0.28 1.02667 0.626667 0.72 1.32 0.48
1.24 0.0933333 1.13333 0.16 0.893333 0.213333
0.866667 0.706667 0.36 0.786667 1.30667 1.25333
0.306667 0.0933333 0.786667 0.253333 1 0.173333
0.626667 0.906667 1.05333 1.10667 1.08 1.14667
0.68 0.653333 1.12 1.28 0.946667 1.25333
0.306667 1.32 0.12 0.226667 0.733333 0.933333
0.653333 1.05333 0.826667 0.68 0.08 1.28
0.746667 0.213333 0.68 0.24 0.146667 0.306667
1.30667 0 1.04 1.06667 1 0.706667
1.02667 0.4 0.773333 0.546667 1.14667 0.226667
1.24 0.533333 0.826667 0.493333 1.22667 0.266667
0.4 1.14667 0.84 0.6 0.933333 1.32
0.0266667 0.84 1.18667 0.546667 1.26667 1.12
1.02667 0.133333 1.16 0.32 0.0266667 1.14667
0.573333 0.226667 1.09333 0.28 0.693333 0.16
0.44 0.866667 1.30667 0.506667 0.253333 0.133333
0.693333 0.226667 0.906667 0.346667 0.813333 0.0666667
0.52 1.25333 0.533333 1.32 0.64 0.266667
0.773333 1.05333 1.05333 0.92 0.946667 0.853333
0.08 0.16 1.29333 0.0533333 0.213333 1.30667
1.05333 0 0.533333 1.10667 0.653333 0.866667
0.68 0.173333 0.386667 1.12 0.826667 0.386667
0.8 0.453333 0.16 0.0133333 0.16 0.426667
0.48 1.22667 0.2 0.586667 1.09333 0.8
0.08 0.133333 0.96 0.293333 0.826667 0.826667
0.92 1.30667 0.04 0.453333 0.213333 0.813333
0.28 0.333333 0.0266667 0.32 1.24 0.6
1.09333 0.24 0.0266667 1.05333 0.68 0.973333
1.24 0.76 1 0.693333 1.02667 0.36
0.133333 0.813333 1.24 1.05333 0.986667 0.893333
0.08 0.6 1.25333 0.893333 0.906667 0.84
0.0266667 0.72 0.106667 0.426667 1.14667 0.653333
0.8 0.693333 0.293333 0.0133333 0.253333 0.973333
1.04 0.933333 1.16 1.16 0.52 1.14667
0 0.88 1.18667 0.813333 0.373333 0.56
1.13333 0.48 1.08 0.6 0.653333 1.06667
1.28 0.413333 1.09333 0.426667 1.17333 0.2
0.933333 1.26667 0.04 0.706667 0.413333 0.64
