0.578947 0.147368 0.505263 0.652632 0.821053 0.431579
0.336842 0.547368 0.989474 0.115789 0.178947 0.873684
0.873684 0.136842 0.642105 0.726316 0.463158 0.410526
0.810526 0.357895 0.357895 0.0210526 0.978947 0.252632
0.263158 0.294737 0.515789 0.968421 0.0315789 0.0842105
0.463158 0.915789 0.663158 0.652632 0.242105 1.03158
0.947368 0.210526 0.0631579 0.831579 0.336842 0.315789
0.768421 0.957895 0.431579 0.378947 0 0.978947
0.663158 1.01053 0.178947 0.589474 0.315789 0.852632
0.389474 0.589474 0.368421 0.947368 0.726316 0.368421
0.336842 0.568421 0.915789 0.642105 0.852632 1.04211
0.221053 0.810526 0.494737 0.568421 1.04211 0.378947
0.978947 0.0736842 0.894737 0.126316 0.705263 0.168421
0.684211 0.557895 0.284211 0.621053 1.03158 0.989474
0.242105 0.0736842 0.621053 0.2 0.789474 0.136842
0.494737 0.715789 0.831579 0.873684 0.852632 0.905263
0.536842 0.515789 0.884211 1.01053 0.747368 0.989474
0.242105 1.04211 0.0947368 0.178947 0.578947 0.736842
0.515789 0.831579 0.652632 0.536842 0.0631579 1.01053
0.589474 0.168421 0.536842 0.189474 0.115789 0.242105
1.03158 0 0.821053 0.842105 0.789474 0.557895
0.810526 0.315789 0.610526 0.431579 0.905263 0.178947
0.978947 0.421053 0.652632 0.389474 0.968421 0.210526
0.315789 0.905263 0.663158 0.473684 0.736842 1.04211
0.0210526 0.663158 0.936842 0.431579 1 0.884211
0.810526 0.105263 0.915789 0.252632 0.0210526 0.905263
0.452632 0.178947 0.863158 0.221053 0.547368 0.126316
0.347368 0.684211 1.03158 0.4 0.2 0.105263
0.547368 0.178947 0.715789 0.273684 0.642105 0.0526316
0.410526 0.989474 0.421053 1.04211 0.505263 0.210526
0.610526 0.831579 0.831579 0.726316 0.747368 0.673684
0.0631579 0.126316 1.02105 0.0421053 0.168421 1.03158
0.831579 0 0.421053 0.873684 0.515789 0.684211
0.536842 0.136842 0.305263 0.884211 0.652632 0.305263
0.631579 0.357895 0.126316 0.0105263 0.126316 0.336842
0.378947 0.968421 0.157895 0.463158 0.863158 0.631579
0.0631579 0.105263 0.757895 0.231579 0.652632 0.652632
0.726316 1.03158 0.0315789 0.357895 0.168421 0.642105
0.221053 0.263158 0.0210526 0.252632 0.978947 0.473684
0.863158 0.189474 0.0210526 0.831579 0.536842 0.768421
0.978947 0.6 0.789474 0.547368 0.810526 0.284211
0.105263 0.642105 0.978947 0.831579 0.778947 0.705263
0.0631579 0.473684 0.989474 0.705263 0.715789 0.663158
0.0210526 0.568421 0.0842105 0.336842 0.905263 0.515789
0.631579 0.547368 0.231579 0.0105263 0.2 0.768421
0.821053 0.736842 0.915789 0.915789 0.410526 0.905263
0 0.694737 0.936842 0.642105 0.294737 0.442105
0.894737 0.378947 0.852632 0.473684 0.515789 0.842105
1.01053 0.326316 0.863158 0.336842 0.926316 0.157895
0.736842 1 0.0315789 0.557895 0.326316 0.505263
