1.52778 0.388889 1.33333 1.72222 2.16667 1.13889
0.888889 1.44444 2.61111 0.305556 0.472222 2.30556
2.30556 0.361111 1.69444 1.91667 1.22222 1.08333
2.13889 0.944444 0.944444 0.0555556 2.58333 0.666667
0.694444 0.777778 1.36111 2.55556 0.0833333 0.222222
1.22222 2.41667 1.75 1.72222 0.638889 2.72222
2.5 0.555556 0.166667 2.19444 0.888889 0.833333
2.02778 2.52778 1.13889 1 0 2.58333
1.75 2.66667 0.472222 1.55556 0.833333 2.25
1.02778 1.55556 0.972222 2.5 1.91667 0.972222
0.888889 1.5 2.41667 1.69444 2.25 2.75
0.583333 2.13889 1.30556 1.5 2.75 1
2.58333 0.194444 2.36111 0.333333 1.86111 0.444444
1.80556 1.47222 0.75 1.63889 2.72222 2.61111
0.638889 0.194444 1.63889 0.527778 2.08333 0.361111
1.30556 1.88889 2.19444 2.30556 2.25 2.38889
1.41667 1.36111 2.33333 2.66667 1.97222 2.61111
0.638889 2.75 0.25 0.472222 1.52778 1.94444
1.36111 2.19444 1.72222 1.41667 0.166667 2.66667
1.55556 0.444444 1.41667 0.5 0.305556 0.638889
2.72222 0 2.16667 2.22222 2.08333 1.47222
2.13889 0.833333 1.61111 1.13889 2.38889 0.472222
2.58333 1.11111 1.72222 1.02778 2.55556 0.555556
0.833333 2.38889 1.75 1.25 1.94444 2.75
0.0555556 1.75 2.47222 1.13889 2.63889 2.33333
2.13889 0.277778 2.41667 0.666667 0.0555556 2.38889
1.19444 0.472222 2.27778 0.583333 1.44444 0.333333
0.916667 1.80556 2.72222 1.05556 0.527778 0.277778
1.44444 0.472222 1.88889 0.722222 1.69444 0.138889
1.08333 2.61111 1.11111 2.75 1.33333 0.555556
1.61111 2.19444 2.19444 1.91667 1.97222 1.77778
0.166667 0.333333 2.69444 0.111111 0.444444 2.72222
2.19444 0 1.11111 2.30556 1.36111 1.80556
1.41667 0.361111 0.805556 2.33333 1.72222 0.805556
1.66667 0.944444 0.333333 0.0277778 0.333333 0.888889
1 2.55556 0.416667 1.22222 2.27778 1.66667
0.166667 0.277778 2 0.611111 1.72222 1.72222
1.91667 2.72222 0.0833333 0.944444 0.444444 1.69444
0.583333 0.694444 0.0555556 0.666667 2.58333 1.25
2.27778 0.5 0.0555556 2.19444 1.41667 2.02778
2.58333 1.58333 2.08333 1.44444 2.13889 0.75
0.277778 1.69444 2.58333 2.19444 2.05556 1.86111
0.166667 1.25 2.61111 1.86111 1.88889 1.75
0.0555556 1.5 0.222222 0.888889 2.38889 1.36111
1.66667 1.44444 0.611111 0.0277778 0.527778 2.02778
2.16667 1.94444 2.41667 2.41667 1.08333 2.38889
0 1.83333 2.47222 1.69444 0.777778 1.16667
2.36111 1 2.25 1.25 1.36111 2.22222
2.66667 0.861111 2.27778 0.888889 2.44444 0.416667
1.94444 2.63889 0.0833333 1.47222 0.861111 1.33333
