0.705128 0.179487 0.615385 0.794872 1 0.525641
0.410256 0.666667 1.20513 0.141026 0.217949 1.0641
1.0641 0.166667 0.782051 0.884615 0.564103 0.5
0.987179 0.435897 0.435897 0.025641 1.19231 0.307692
0.320513 0.358974 0.628205 1.17949 0.0384615 0.102564
0.564103 1.11538 0.807692 0.794872 0.294872 1.25641
1.15385 0.25641 0.0769231 1.01282 0.410256 0.384615
0.935897 1.16667 0.525641 0.461538 0 1.19231
0.807692 1.23077 0.217949 0.717949 0.384615 1.03846
0.474359 0.717949 0.448718 1.15385 0.884615 0.448718
0.410256 0.692308 1.11538 0.782051 1.03846 1.26923
0.269231 0.987179 0.602564 0.692308 1.26923 0.461538
1.19231 0.0897436 1.08974 0.153846 0.858974 0.205128
0.833333 0.679487 0.346154 0.75641 1.25641 1.20513
0.294872 0.0897436 0.75641 0.24359 0.961538 0.166667
0.602564 0.871795 1.01282 1.0641 1.03846 1.10256
0.653846 0.628205 1.07692 1.23077 0.910256 1.20513
0.294872 1.26923 0.115385 0.217949 0.705128 0.897436
0.628205 1.01282 0.794872 0.653846 0.0769231 1.23077
0.717949 0.205128 0.653846 0.230769 0.141026 0.294872
1.25641 0 1 1.02564 0.961538 0.679487
0.987179 0.384615 0.74359 0.525641 1.10256 0.217949
1.19231 0.512821 0.794872 0.474359 1.17949 0.25641
0.384615 1.10256 0.807692 0.576923 0.897436 1.26923
0.025641 0.807692 1.14103 0.525641 1.21795 1.07692
0.987179 0.128205 1.11538 0.307692 0.025641 1.10256
0.551282 0.217949 1.05128 0.269231 0.666667 0.153846
0.423077 0.833333 1.25641 0.487179 0.24359 0.128205
0.666667 0.217949 0.871795 0.333333 0.782051 0.0641026
0.5 1.20513 0.512821 1.26923 0.615385 0.25641
0.74359 1.01282 1.01282 0.884615 0.910256 0.820513
0.0769231 0.153846 1.24359 0.0512821 0.205128 1.25641
1.01282 0 0.512821 1.0641 0.628205 0.833333
0.653846 0.166667 0.371795 1.07692 0.794872 0.371795
0.769231 0.435897 0.153846 0.0128205 0.153846 0.410256
0.461538 1.17949 0.192308 0.564103 1.05128 0.769231
0.0769231 0.128205 0.923077 0.282051 0.794872 0.794872
0.884615 1.25641 0.0384615 0.435897 0.205128 0.782051
0.269231 0.320513 0.025641 0.307692 1.19231 0.576923
1.05128 0.230769 0.025641 1.01282 0.653846 0.935897
1.19231 0.730769 0.961538 0.666667 0.987179 0.346154
0.128205 0.782051 1.19231 1.01282 0.948718 0.858974
0.0769231 0.576923 1.20513 0.858974 0.871795 0.807692
0.025641 0.692308 0.102564 0.410256 1.10256 0.628205
0.769231 0.666667 0.282051 0.0128205 0.24359 0.935897
1 0.897436 1.11538 1.11538 0.5 1.10256
0 0.846154 1.14103 0.782051 0.358974 0.538462
1.08974 0.461538 1.03846 0.576923 0.628205 1.02564
1.23077 0.397436 1.05128 0.410256 1.12821 0.192308
0.897436 1.21795 0.0384615 0.679487 0.397436 0.615385
