2.61905 0.666667 2.28571 2.95238 3.71429 1.95238
1.52381 2.47619 4.47619 0.52381 0.809524 3.95238
3.95238 0.619048 2.90476 3.28571 2.09524 1.85714
3.66667 1.61905 1.61905 0.0952381 4.42857 1.14286
1.19048 1.33333 2.33333 4.38095 0.142857 0.380952
2.09524 4.14286 3 2.95238 1.09524 4.66667
4.28571 0.952381 0.285714 3.7619 1.52381 1.42857
3.47619 4.33333 1.95238 1.71429 0 4.42857
3 4.57143 0.809524 2.66667 1.42857 3.85714
1.7619 2.66667 1.66667 4.28571 3.28571 1.66667
1.52381 2.57143 4.14286 2.90476 3.85714 4.71429
1 3.66667 2.2381 2.57143 4.71429 1.71429
4.42857 0.333333 4.04762 0.571429 3.19048 0.761905
3.09524 2.52381 1.28571 2.80952 4.66667 4.47619
1.09524 0.333333 2.80952 0.904762 3.57143 0.619048
2.2381 3.2381 3.7619 3.95238 3.85714 4.09524
2.42857 2.33333 4 4.57143 3.38095 4.47619
1.09524 4.71429 0.428571 0.809524 2.61905 3.33333
2.33333 3.7619 2.95238 2.42857 0.285714 4.57143
2.66667 0.761905 2.42857 0.857143 0.52381 1.09524
4.66667 0 3.71429 3.80952 3.57143 2.52381
3.66667 1.42857 2.7619 1.95238 4.09524 0.809524
4.42857 1.90476 2.95238 1.7619 4.38095 0.952381
1.42857 4.09524 3 2.14286 3.33333 4.71429
0.0952381 3 4.2381 1.95238 4.52381 4
3.66667 0.47619 4.14286 1.14286 0.0952381 4.09524
2.04762 0.809524 3.90476 1 2.47619 0.571429
1.57143 3.09524 4.66667 1.80952 0.904762 0.47619
2.47619 0.809524 3.2381 1.2381 2.90476 0.238095
1.85714 4.47619 1.90476 4.71429 2.28571 0.952381
2.7619 3.7619 3.7619 3.28571 3.38095 3.04762
0.285714 0.571429 4.61905 0.190476 0.761905 4.66667
3.7619 0 1.90476 3.95238 2.33333 3.09524
2.42857 0.619048 1.38095 4 2.95238 1.38095
2.85714 1.61905 0.571429 0.047619 0.571429 1.52381
1.71429 4.38095 0.714286 2.09524 3.90476 2.85714
0.285714 0.47619 3.42857 1.04762 2.95238 2.95238
3.28571 4.66667 0.142857 1.61905 0.761905 2.90476
1 1.19048 0.0952381 1.14286 4.42857 2.14286
3.90476 0.857143 0.0952381 3.7619 2.42857 3.47619
4.42857 2.71429 3.57143 2.47619 3.66667 1.28571
0.47619 2.90476 4.42857 3.7619 3.52381 3.19048
0.285714 2.14286 4.47619 3.19048 3.2381 3
0.0952381 2.57143 0.380952 1.52381 4.09524 2.33333
2.85714 2.47619 1.04762 0.047619 0.904762 3.47619
3.71429 3.33333 4.14286 4.14286 1.85714 4.09524
0 3.14286 4.2381 2.90476 1.33333 2
4.04762 1.71429 3.85714 2.14286 2.33333 3.80952
4.57143 1.47619 3.90476 1.52381 4.19048 0.714286
3.33333 4.52381 0.142857 2.52381 1.47619 2.28571
