1.30952 0.333333 1.14286 1.47619 1.85714 0.97619
0.761905 1.2381 2.2381 0.261905 0.404762 1.97619
1.97619 0.309524 1.45238 1.64286 1.04762 0.928571
1.83333 0.809524 0.809524 0.047619 2.21429 0.571429
0.595238 0.666667 1.16667 2.19048 0.0714286 0.190476
1.04762 2.07143 1.5 1.47619 0.547619 2.33333
2.14286 0.47619 0.142857 1.88095 0.761905 0.714286
1.7381 2.16667 0.97619 0.857143 0 2.21429
1.5 2.28571 0.404762 1.33333 0.714286 1.92857
0.880952 1.33333 0.833333 2.14286 1.64286 0.833333
0.761905 1.28571 2.07143 1.45238 1.92857 2.35714
0.5 1.83333 1.11905 1.28571 2.35714 0.857143
2.21429 0.166667 2.02381 0.285714 1.59524 0.380952
1.54762 1.2619 0.642857 1.40476 2.33333 2.2381
0.547619 0.166667 1.40476 0.452381 1.78571 0.309524
1.11905 1.61905 1.88095 1.97619 1.92857 2.04762
1.21429 1.16667 2 2.28571 1.69048 2.2381
0.547619 2.35714 0.214286 0.404762 1.30952 1.66667
1.16667 1.88095 1.47619 1.21429 0.142857 2.28571
1.33333 0.380952 1.21429 0.428571 0.261905 0.547619
2.33333 0 1.85714 1.90476 1.78571 1.2619
1.83333 0.714286 1.38095 0.97619 2.04762 0.404762
2.21429 0.952381 1.47619 0.880952 2.19048 0.47619
0.714286 2.04762 1.5 1.07143 1.66667 2.35714
0.047619 1.5 2.11905 0.97619 2.2619 2
1.83333 0.238095 2.07143 0.571429 0.047619 2.04762
1.02381 0.404762 1.95238 0.5 1.2381 0.285714
0.785714 1.54762 2.33333 0.904762 0.452381 0.238095
1.2381 0.404762 1.61905 0.619048 1.45238 0.119048
0.928571 2.2381 0.952381 2.35714 1.14286 0.47619
1.38095 1.88095 1.88095 1.64286 1.69048 1.52381
0.142857 0.285714 2.30952 0.0952381 0.380952 2.33333
1.88095 0 0.952381 1.97619 1.16667 1.54762
1.21429 0.309524 0.690476 2 1.47619 0.690476
1.42857 0.809524 0.285714 0.0238095 0.285714 0.761905
0.857143 2.19048 0.357143 1.04762 1.95238 1.42857
0.142857 0.238095 1.71429 0.52381 1.47619 1.47619
1.64286 2.33333 0.0714286 0.809524 0.380952 1.45238
0.5 0.595238 0.047619 0.571429 2.21429 1.07143
1.95238 0.428571 0.047619 1.88095 1.21429 1.7381
2.21429 1.35714 1.78571 1.2381 1.83333 0.642857
0.238095 1.45238 2.21429 1.88095 1.7619 1.59524
0.142857 1.07143 2.2381 1.59524 1.61905 1.5
0.047619 1.28571 0.190476 0.761905 2.04762 1.16667
1.42857 1.2381 0.52381 0.0238095 0.452381 1.7381
1.85714 1.66667 2.07143 2.07143 0.928571 2.04762
0 1.57143 2.11905 1.45238 0.666667 1
2.02381 0.857143 1.92857 1.07143 1.16667 1.90476
2.28571 0.738095 1.95238 0.761905 2.09524 0.357143
1.66667 2.2619 0.0714286 1.2619 0.738095 1.14286
