1.07843 0.27451 0.941176 1.21569 1.52941 0.803922
0.627451 1.01961 1.84314 0.215686 0.333333 1.62745
1.62745 0.254902 1.19608 1.35294 0.862745 0.764706
1.5098 0.666667 0.666667 0.0392157 1.82353 0.470588
0.490196 0.54902 0.960784 1.80392 0.0588235 0.156863
0.862745 1.70588 1.23529 1.21569 0.45098 1.92157
1.76471 0.392157 0.117647 1.54902 0.627451 0.588235
1.43137 1.78431 0.803922 0.705882 0 1.82353
1.23529 1.88235 0.333333 1.09804 0.588235 1.58824
0.72549 1.09804 0.686275 1.76471 1.35294 0.686275
0.627451 1.05882 1.70588 1.19608 1.58824 1.94118
0.411765 1.5098 0.921569 1.05882 1.94118 0.705882
1.82353 0.137255 1.66667 0.235294 1.31373 0.313725
1.27451 1.03922 0.529412 1.15686 1.92157 1.84314
0.45098 0.137255 1.15686 0.372549 1.47059 0.254902
0.921569 1.33333 1.54902 1.62745 1.58824 1.68627
1 0.960784 1.64706 1.88235 1.39216 1.84314
0.45098 1.94118 0.176471 0.333333 1.07843 1.37255
0.960784 1.54902 1.21569 1 0.117647 1.88235
1.09804 0.313725 1 0.352941 0.215686 0.45098
1.92157 0 1.52941 1.56863 1.47059 1.03922
1.5098 0.588235 1.13725 0.803922 1.68627 0.333333
1.82353 0.784314 1.21569 0.72549 1.80392 0.392157
0.588235 1.68627 1.23529 0.882353 1.37255 1.94118
0.0392157 1.23529 1.7451 0.803922 1.86275 1.64706
1.5098 0.196078 1.70588 0.470588 0.0392157 1.68627
0.843137 0.333333 1.60784 0.411765 1.01961 0.235294
0.647059 1.27451 1.92157 0.745098 0.372549 0.196078
1.01961 0.333333 1.33333 0.509804 1.19608 0.0980392
0.764706 1.84314 0.784314 1.94118 0.941176 0.392157
1.13725 1.54902 1.54902 1.35294 1.39216 1.2549
0.117647 0.235294 1.90196 0.0784314 0.313725 1.92157
1.54902 0 0.784314 1.62745 0.960784 1.27451
1 0.254902 0.568627 1.64706 1.21569 0.568627
1.17647 0.666667 0.235294 0.0196078 0.235294 0.627451
0.705882 1.80392 0.294118 0.862745 1.60784 1.17647
0.117647 0.196078 1.41176 0.431373 1.21569 1.21569
1.35294 1.92157 0.0588235 0.666667 0.313725 1.19608
0.411765 0.490196 0.0392157 0.470588 1.82353 0.882353
1.60784 0.352941 0.0392157 1.54902 1 1.43137
1.82353 1.11765 1.47059 1.01961 1.5098 0.529412
0.196078 1.19608 1.82353 1.54902 1.45098 1.31373
0.117647 0.882353 1.84314 1.31373 1.33333 1.23529
0.0392157 1.05882 0.156863 0.627451 1.68627 0.960784
1.17647 1.01961 0.431373 0.0196078 0.372549 1.43137
1.52941 1.37255 1.70588 1.70588 0.764706 1.68627
0 1.29412 1.7451 1.19608 0.54902 0.823529
1.66667 0.705882 1.58824 0.882353 0.960784 1.56863
1.88235 0.607843 1.60784 0.627451 1.72549 0.294118
1.37255 1.86275 0.0588235 1.03922 0.607843 0.941176
