0.617978 0.157303 0.539326 0.696629 0.876404 0.460674
0.359551 0.58427 1.05618 0.123596 0.191011 0.932584
0.932584 0.146067 0.685393 0.775281 0.494382 0.438202
0.865169 0.382022 0.382022 0.0224719 1.04494 0.269663
0.280899 0.314607 0.550562 1.03371 0.0337079 0.0898876
0.494382 0.977528 0.707865 0.696629 0.258427 1.10112
1.01124 0.224719 0.0674157 0.88764 0.359551 0.337079
0.820225 1.02247 0.460674 0.404494 0 1.04494
0.707865 1.07865 0.191011 0.629213 0.337079 0.910112
0.41573 0.629213 0.393258 1.01124 0.775281 0.393258
0.359551 0.606742 0.977528 0.685393 0.910112 1.11236
0.235955 0.865169 0.52809 0.606742 1.11236 0.404494
1.04494 0.0786517 0.955056 0.134831 0.752809 0.179775
0.730337 0.595506 0.303371 0.662921 1.10112 1.05618
0.258427 0.0786517 0.662921 0.213483 0.842697 0.146067
0.52809 0.764045 0.88764 0.932584 0.910112 0.966292
0.573034 0.550562 0.94382 1.07865 0.797753 1.05618
0.258427 1.11236 0.101124 0.191011 0.617978 0.786517
0.550562 0.88764 0.696629 0.573034 0.0674157 1.07865
0.629213 0.179775 0.573034 0.202247 0.123596 0.258427
1.10112 0 0.876404 0.898876 0.842697 0.595506
0.865169 0.337079 0.651685 0.460674 0.966292 0.191011
1.04494 0.449438 0.696629 0.41573 1.03371 0.224719
0.337079 0.966292 0.707865 0.505618 0.786517 1.11236
0.0224719 0.707865 1 0.460674 1.06742 0.94382
0.865169 0.11236 0.977528 0.269663 0.0224719 0.966292
0.483146 0.191011 0.921348 0.235955 0.58427 0.134831
0.370787 0.730337 1.10112 0.426966 0.213483 0.11236
0.58427 0.191011 0.764045 0.292135 0.685393 0.0561798
0.438202 1.05618 0.449438 1.11236 0.539326 0.224719
0.651685 0.88764 0.88764 0.775281 0.797753 0.719101
0.0674157 0.134831 1.08989 0.0449438 0.179775 1.10112
0.88764 0 0.449438 0.932584 0.550562 0.730337
0.573034 0.146067 0.325843 0.94382 0.696629 0.325843
0.674157 0.382022 0.134831 0.011236 0.134831 0.359551
0.404494 1.03371 0.168539 0.494382 0.921348 0.674157
0.0674157 0.11236 0.808989 0.247191 0.696629 0.696629
0.775281 1.10112 0.0337079 0.382022 0.179775 0.685393
0.235955 0.280899 0.0224719 0.269663 1.04494 0.505618
0.921348 0.202247 0.0224719 0.88764 0.573034 0.820225
1.04494 0.640449 0.842697 0.58427 0.865169 0.303371
0.11236 0.685393 1.04494 0.88764 0.831461 0.752809
0.0674157 0.505618 1.05618 0.752809 0.764045 0.707865
0.0224719 0.606742 0.0898876 0.359551 0.966292 0.550562
0.674157 0.58427 0.247191 0.011236 0.213483 0.820225
0.876404 0.786517 0.977528 0.977528 0.438202 0.966292
0 0.741573 1 0.685393 0.314607 0.47191
0.955056 0.404494 0.910112 0.505618 0.550562 0.898876
1.07865 0.348315 0.921348 0.359551 0.988764 0.168539
0.786517 1.06742 0.0337079 0.595506 0.348315 0.539326
