0.696203 0.177215 0.607595 0.78481 0.987342 0.518987
0.405063 0.658228 1.18987 0.139241 0.21519 1.05063
1.05063 0.164557 0.772152 0.873418 0.556962 0.493671
0.974684 0.43038 0.43038 0.0253165 1.17722 0.303797
0.316456 0.35443 0.620253 1.16456 0.0379747 0.101266
0.556962 1.10127 0.797468 0.78481 0.291139 1.24051
1.13924 0.253165 0.0759494 1 0.405063 0.379747
0.924051 1.1519 0.518987 0.455696 0 1.17722
0.797468 1.21519 0.21519 0.708861 0.379747 1.02532
0.468354 0.708861 0.443038 1.13924 0.873418 0.443038
0.405063 0.683544 1.10127 0.772152 1.02532 1.25316
0.265823 0.974684 0.594937 0.683544 1.25316 0.455696
1.17722 0.0886076 1.07595 0.151899 0.848101 0.202532
0.822785 0.670886 0.341772 0.746835 1.24051 1.18987
0.291139 0.0886076 0.746835 0.240506 0.949367 0.164557
0.594937 0.860759 1 1.05063 1.02532 1.08861
0.64557 0.620253 1.06329 1.21519 0.898734 1.18987
0.291139 1.25316 0.113924 0.21519 0.696203 0.886076
0.620253 1 0.78481 0.64557 0.0759494 1.21519
0.708861 0.202532 0.64557 0.227848 0.139241 0.291139
1.24051 0 0.987342 1.01266 0.949367 0.670886
0.974684 0.379747 0.734177 0.518987 1.08861 0.21519
1.17722 0.506329 0.78481 0.468354 1.16456 0.253165
0.379747 1.08861 0.797468 0.56962 0.886076 1.25316
0.0253165 0.797468 1.12658 0.518987 1.20253 1.06329
0.974684 0.126582 1.10127 0.303797 0.0253165 1.08861
0.544304 0.21519 1.03797 0.265823 0.658228 0.151899
0.417722 0.822785 1.24051 0.481013 0.240506 0.126582
0.658228 0.21519 0.860759 0.329114 0.772152 0.0632911
0.493671 1.18987 0.506329 1.25316 0.607595 0.253165
0.734177 1 1 0.873418 0.898734 0.810127
0.0759494 0.151899 1.22785 0.0506329 0.202532 1.24051
1 0 0.506329 1.05063 0.620253 0.822785
0.64557 0.164557 0.367089 1.06329 0.78481 0.367089
0.759494 0.43038 0.151899 0.0126582 0.151899 0.405063
0.455696 1.16456 0.189873 0.556962 1.03797 0.759494
0.0759494 0.126582 0.911392 0.278481 0.78481 0.78481
0.873418 1.24051 0.0379747 0.43038 0.202532 0.772152
0.265823 0.316456 0.0253165 0.303797 1.17722 0.56962
1.03797 0.227848 0.0253165 1 0.64557 0.924051
1.17722 0.721519 0.949367 0.658228 0.974684 0.341772
0.126582 0.772152 1.17722 1 0.936709 0.848101
0.0759494 0.56962 1.18987 0.848101 0.860759 0.797468
0.0253165 0.683544 0.101266 0.405063 1.08861 0.620253
0.759494 0.658228 0.278481 0.0126582 0.240506 0.924051
0.987342 0.886076 1.10127 1.10127 0.493671 1.08861
0 0.835443 1.12658 0.772152 0.35443 0.531646
1.07595 0.455696 1.02532 0.56962 0.620253 1.01266
1.21519 0.392405 1.03797 0.405063 1.11392 0.189873
0.886076 1.20253 0.0379747 0.670886 0.392405 0.607595
