1.03774 0.264151 0.90566 1.16981 1.4717 0.773585
0.603774 0.981132 1.77358 0.207547 0.320755 1.56604
1.56604 0.245283 1.15094 1.30189 0.830189 0.735849
1.45283 0.641509 0.641509 0.0377358 1.75472 0.45283
0.471698 0.528302 0.924528 1.73585 0.0566038 0.150943
0.830189 1.64151 1.18868 1.16981 0.433962 1.84906
1.69811 0.377358 0.113208 1.49057 0.603774 0.566038
1.37736 1.71698 0.773585 0.679245 0 1.75472
1.18868 1.81132 0.320755 1.0566 0.566038 1.5283
0.698113 1.0566 0.660377 1.69811 1.30189 0.660377
0.603774 1.01887 1.64151 1.15094 1.5283 1.86792
0.396226 1.45283 0.886792 1.01887 1.86792 0.679245
1.75472 0.132075 1.60377 0.226415 1.26415 0.301887
1.22642 1 0.509434 1.11321 1.84906 1.77358
0.433962 0.132075 1.11321 0.358491 1.41509 0.245283
0.886792 1.28302 1.49057 1.56604 1.5283 1.62264
0.962264 0.924528 1.58491 1.81132 1.33962 1.77358
0.433962 1.86792 0.169811 0.320755 1.03774 1.32075
0.924528 1.49057 1.16981 0.962264 0.113208 1.81132
1.0566 0.301887 0.962264 0.339623 0.207547 0.433962
1.84906 0 1.4717 1.50943 1.41509 1
1.45283 0.566038 1.09434 0.773585 1.62264 0.320755
1.75472 0.754717 1.16981 0.698113 1.73585 0.377358
0.566038 1.62264 1.18868 0.849057 1.32075 1.86792
0.0377358 1.18868 1.67925 0.773585 1.79245 1.58491
1.45283 0.188679 1.64151 0.45283 0.0377358 1.62264
0.811321 0.320755 1.54717 0.396226 0.981132 0.226415
0.622642 1.22642 1.84906 0.716981 0.358491 0.188679
0.981132 0.320755 1.28302 0.490566 1.15094 0.0943396
0.735849 1.77358 0.754717 1.86792 0.90566 0.377358
1.09434 1.49057 1.49057 1.30189 1.33962 1.20755
0.113208 0.226415 1.83019 0.0754717 0.301887 1.84906
1.49057 0 0.754717 1.56604 0.924528 1.22642
0.962264 0.245283 0.54717 1.58491 1.16981 0.54717
1.13208 0.641509 0.226415 0.0188679 0.226415 0.603774
0.679245 1.73585 0.283019 0.830189 1.54717 1.13208
0.113208 0.188679 1.35849 0.415094 1.16981 1.16981
1.30189 1.84906 0.0566038 0.641509 0.301887 1.15094
0.396226 0.471698 0.0377358 0.45283 1.75472 0.849057
1.54717 0.339623 0.0377358 1.49057 0.962264 1.37736
1.75472 1.07547 1.41509 0.981132 1.45283 0.509434
0.188679 1.15094 1.75472 1.49057 1.39623 1.26415
0.113208 0.849057 1.77358 1.26415 1.28302 1.18868
0.0377358 1.01887 0.150943 0.603774 1.62264 0.924528
1.13208 0.981132 0.415094 0.0188679 0.358491 1.37736
1.4717 1.32075 1.64151 1.64151 0.735849 1.62264
0 1.24528 1.67925 1.15094 0.528302 0.792453
1.60377 0.679245 1.5283 0.849057 0.924528 1.50943
1.81132 0.584906 1.54717 0.603774 1.66038 0.283019
1.32075 1.79245 0.0566038 1 0.584906 0.90566
