0.604396 0.153846 0.527473 0.681319 0.857143 0.450549
0.351648 0.571429 1.03297 0.120879 0.186813 0.912088
0.912088 0.142857 0.67033 0.758242 0.483516 0.428571
0.846154 0.373626 0.373626 0.021978 1.02198 0.263736
0.274725 0.307692 0.538462 1.01099 0.032967 0.0879121
0.483516 0.956044 0.692308 0.681319 0.252747 1.07692
0.989011 0.21978 0.0659341 0.868132 0.351648 0.32967
0.802198 1 0.450549 0.395604 0 1.02198
0.692308 1.05495 0.186813 0.615385 0.32967 0.89011
0.406593 0.615385 0.384615 0.989011 0.758242 0.384615
0.351648 0.593407 0.956044 0.67033 0.89011 1.08791
0.230769 0.846154 0.516484 0.593407 1.08791 0.395604
1.02198 0.0769231 0.934066 0.131868 0.736264 0.175824
0.714286 0.582418 0.296703 0.648352 1.07692 1.03297
0.252747 0.0769231 0.648352 0.208791 0.824176 0.142857
0.516484 0.747253 0.868132 0.912088 0.89011 0.945055
0.56044 0.538462 0.923077 1.05495 0.78022 1.03297
0.252747 1.08791 0.0989011 0.186813 0.604396 0.769231
0.538462 0.868132 0.681319 0.56044 0.0659341 1.05495
0.615385 0.175824 0.56044 0.197802 0.120879 0.252747
1.07692 0 0.857143 0.879121 0.824176 0.582418
0.846154 0.32967 0.637363 0.450549 0.945055 0.186813
1.02198 0.43956 0.681319 0.406593 1.01099 0.21978
0.32967 0.945055 0.692308 0.494505 0.769231 1.08791
0.021978 0.692308 0.978022 0.450549 1.04396 0.923077
0.846154 0.10989 0.956044 0.263736 0.021978 0.945055
0.472527 0.186813 0.901099 0.230769 0.571429 0.131868
0.362637 0.714286 1.07692 0.417582 0.208791 0.10989
0.571429 0.186813 0.747253 0.285714 0.67033 0.0549451
0.428571 1.03297 0.43956 1.08791 0.527473 0.21978
0.637363 0.868132 0.868132 0.758242 0.78022 0.703297
0.0659341 0.131868 1.06593 0.043956 0.175824 1.07692
0.868132 0 0.43956 0.912088 0.538462 0.714286
0.56044 0.142857 0.318681 0.923077 0.681319 0.318681
0.659341 0.373626 0.131868 0.010989 0.131868 0.351648
0.395604 1.01099 0.164835 0.483516 0.901099 0.659341
0.0659341 0.10989 0.791209 0.241758 0.681319 0.681319
0.758242 1.07692 0.032967 0.373626 0.175824 0.67033
0.230769 0.274725 0.021978 0.263736 1.02198 0.494505
0.901099 0.197802 0.021978 0.868132 0.56044 0.802198
1.02198 0.626374 0.824176 0.571429 0.846154 0.296703
0.10989 0.67033 1.02198 0.868132 0.813187 0.736264
0.0659341 0.494505 1.03297 0.736264 0.747253 0.692308
0.021978 0.593407 0.0879121 0.351648 0.945055 0.538462
0.659341 0.571429 0.241758 0.010989 0.208791 0.802198
0.857143 0.769231 0.956044 0.956044 0.428571 0.945055
0 0.725275 0.978022 0.67033 0.307692 0.461538
0.934066 0.395604 0.89011 0.494505 0.538462 0.879121
1.05495 0.340659 0.901099 0.351648 0.967033 0.164835
0.769231 1.04396 0.032967 0.582418 0.340659 0.527473
