0.948276 0.241379 0.827586 1.06897 1.34483 0.706897
0.551724 0.896552 1.62069 0.189655 0.293103 1.43103
1.43103 0.224138 1.05172 1.18966 0.758621 0.672414
1.32759 0.586207 0.586207 0.0344828 1.60345 0.413793
0.431034 0.482759 0.844828 1.58621 0.0517241 0.137931
0.758621 1.5 1.08621 1.06897 0.396552 1.68966
1.55172 0.344828 0.103448 1.36207 0.551724 0.517241
1.25862 1.56897 0.706897 0.62069 0 1.60345
1.08621 1.65517 0.293103 0.965517 0.517241 1.39655
0.637931 0.965517 0.603448 1.55172 1.18966 0.603448
0.551724 0.931034 1.5 1.05172 1.39655 1.7069
0.362069 1.32759 0.810345 0.931034 1.7069 0.62069
1.60345 0.12069 1.46552 0.206897 1.15517 0.275862
1.12069 0.913793 0.465517 1.01724 1.68966 1.62069
0.396552 0.12069 1.01724 0.327586 1.2931 0.224138
0.810345 1.17241 1.36207 1.43103 1.39655 1.48276
0.87931 0.844828 1.44828 1.65517 1.22414 1.62069
0.396552 1.7069 0.155172 0.293103 0.948276 1.2069
0.844828 1.36207 1.06897 0.87931 0.103448 1.65517
0.965517 0.275862 0.87931 0.310345 0.189655 0.396552
1.68966 0 1.34483 1.37931 1.2931 0.913793
1.32759 0.517241 1 0.706897 1.48276 0.293103
1.60345 0.689655 1.06897 0.637931 1.58621 0.344828
0.517241 1.48276 1.08621 0.775862 1.2069 1.7069
0.0344828 1.08621 1.53448 0.706897 1.63793 1.44828
1.32759 0.172414 1.5 0.413793 0.0344828 1.48276
0.741379 0.293103 1.41379 0.362069 0.896552 0.206897
0.568966 1.12069 1.68966 0.655172 0.327586 0.172414
0.896552 0.293103 1.17241 0.448276 1.05172 0.0862069
0.672414 1.62069 0.689655 1.7069 0.827586 0.344828
1 1.36207 1.36207 1.18966 1.22414 1.10345
0.103448 0.206897 1.67241 0.0689655 0.275862 1.68966
1.36207 0 0.689655 1.43103 0.844828 1.12069
0.87931 0.224138 0.5 1.44828 1.06897 0.5
1.03448 0.586207 0.206897 0.0172414 0.206897 0.551724
0.62069 1.58621 0.258621 0.758621 1.41379 1.03448
0.103448 0.172414 1.24138 0.37931 1.06897 1.06897
1.18966 1.68966 0.0517241 0.586207 0.275862 1.05172
0.362069 0.431034 0.0344828 0.413793 1.60345 0.775862
1.41379 0.310345 0.0344828 1.36207 0.87931 1.25862
1.60345 0.982759 1.2931 0.896552 1.32759 0.465517
0.172414 1.05172 1.60345 1.36207 1.27586 1.15517
0.103448 0.775862 1.62069 1.15517 1.17241 1.08621
0.0344828 0.931034 0.137931 0.551724 1.48276 0.844828
1.03448 0.896552 0.37931 0.0172414 0.327586 1.25862
1.34483 1.2069 1.5 1.5 0.672414 1.48276
0 1.13793 1.53448 1.05172 0.482759 0.724138
1.46552 0.62069 1.39655 0.775862 0.844828 1.37931
1.65517 0.534483 1.41379 0.551724 1.51724 0.258621
1.2069 1.63793 0.0517241 0.913793 0.534483 0.827586
