3.23529 0.823529 2.82353 3.64706 4.58824 2.41176
1.88235 3.05882 5.52941 0.647059 1 4.88235
4.88235 0.764706 3.58824 4.05882 2.58824 2.29412
4.52941 2 2 0.117647 5.47059 1.41176
1.47059 1.64706 2.88235 5.41176 0.176471 0.470588
2.58824 5.11765 3.70588 3.64706 1.35294 5.76471
5.29412 1.17647 0.352941 4.64706 1.88235 1.76471
4.29412 5.35294 2.41176 2.11765 0 5.47059
3.70588 5.64706 1 3.29412 1.76471 4.76471
2.17647 3.29412 2.05882 5.29412 4.05882 2.05882
1.88235 3.17647 5.11765 3.58824 4.76471 5.82353
1.23529 4.52941 2.76471 3.17647 5.82353 2.11765
5.47059 0.411765 5 0.705882 3.94118 0.941176
3.82353 3.11765 1.58824 3.47059 5.76471 5.52941
1.35294 0.411765 3.47059 1.11765 4.41176 0.764706
2.76471 4 4.64706 4.88235 4.76471 5.05882
3 2.88235 4.94118 5.64706 4.17647 5.52941
1.35294 5.82353 0.529412 1 3.23529 4.11765
2.88235 4.64706 3.64706 3 0.352941 5.64706
3.29412 0.941176 3 1.05882 0.647059 1.35294
5.76471 0 4.58824 4.70588 4.41176 3.11765
4.52941 1.76471 3.41176 2.41176 5.05882 1
5.47059 2.35294 3.64706 2.17647 5.41176 1.17647
1.76471 5.05882 3.70588 2.64706 4.11765 5.82353
0.117647 3.70588 5.23529 2.41176 5.58824 4.94118
4.52941 0.588235 5.11765 1.41176 0.117647 5.05882
2.52941 1 4.82353 1.23529 3.05882 0.705882
1.94118 3.82353 5.76471 2.23529 1.11765 0.588235
3.05882 1 4 1.52941 3.58824 0.294118
2.29412 5.52941 2.35294 5.82353 2.82353 1.17647
3.41176 4.64706 4.64706 4.05882 4.17647 3.76471
0.352941 0.705882 5.70588 0.235294 0.941176 5.76471
4.64706 0 2.35294 4.88235 2.88235 3.82353
3 0.764706 1.70588 4.94118 3.64706 1.70588
3.52941 2 0.705882 0.0588235 0.705882 1.88235
2.11765 5.41176 0.882353 2.58824 4.82353 3.52941
0.352941 0.588235 4.23529 1.29412 3.64706 3.64706
4.05882 5.76471 0.176471 2 0.941176 3.58824
1.23529 1.47059 0.117647 1.41176 5.47059 2.64706
4.82353 1.05882 0.117647 4.64706 3 4.29412
5.47059 3.35294 4.41176 3.05882 4.52941 1.58824
0.588235 3.58824 5.47059 4.64706 4.35294 3.94118
0.352941 2.64706 5.52941 3.94118 4 3.70588
0.117647 3.17647 0.470588 1.88235 5.05882 2.88235
3.52941 3.05882 1.29412 0.0588235 1.11765 4.29412
4.58824 4.11765 5.11765 5.11765 2.29412 5.05882
0 3.88235 5.23529 3.58824 1.64706 2.47059
5 2.11765 4.76471 2.64706 2.88235 4.70588
5.64706 1.82353 4.82353 1.88235 5.17647 0.882353
4.11765 5.58824 0.176471 3.11765 1.82353 2.82353
