0.753425 0.191781 0.657534 0.849315 1.06849 0.561644
0.438356 0.712329 1.28767 0.150685 0.232877 1.13699
1.13699 0.178082 0.835616 0.945205 0.60274 0.534247
1.05479 0.465753 0.465753 0.0273973 1.27397 0.328767
0.342466 0.383562 0.671233 1.26027 0.0410959 0.109589
0.60274 1.19178 0.863014 0.849315 0.315068 1.34247
1.23288 0.273973 0.0821918 1.08219 0.438356 0.410959
1 1.24658 0.561644 0.493151 0 1.27397
0.863014 1.31507 0.232877 0.767123 0.410959 1.10959
0.506849 0.767123 0.479452 1.23288 0.945205 0.479452
0.438356 0.739726 1.19178 0.835616 1.10959 1.35616
0.287671 1.05479 0.643836 0.739726 1.35616 0.493151
1.27397 0.0958904 1.16438 0.164384 0.917808 0.219178
0.890411 0.726027 0.369863 0.808219 1.34247 1.28767
0.315068 0.0958904 0.808219 0.260274 1.0274 0.178082
0.643836 0.931507 1.08219 1.13699 1.10959 1.17808
0.69863 0.671233 1.15068 1.31507 0.972603 1.28767
0.315068 1.35616 0.123288 0.232877 0.753425 0.958904
0.671233 1.08219 0.849315 0.69863 0.0821918 1.31507
0.767123 0.219178 0.69863 0.246575 0.150685 0.315068
1.34247 0 1.06849 1.09589 1.0274 0.726027
1.05479 0.410959 0.794521 0.561644 1.17808 0.232877
1.27397 0.547945 0.849315 0.506849 1.26027 0.273973
0.410959 1.17808 0.863014 0.616438 0.958904 1.35616
0.0273973 0.863014 1.21918 0.561644 1.30137 1.15068
1.05479 0.136986 1.19178 0.328767 0.0273973 1.17808
0.589041 0.232877 1.12329 0.287671 0.712329 0.164384
0.452055 0.890411 1.34247 0.520548 0.260274 0.136986
0.712329 0.232877 0.931507 0.356164 0.835616 0.0684932
0.534247 1.28767 0.547945 1.35616 0.657534 0.273973
0.794521 1.08219 1.08219 0.945205 0.972603 0.876712
0.0821918 0.164384 1.32877 0.0547945 0.219178 1.34247
1.08219 0 0.547945 1.13699 0.671233 0.890411
0.69863 0.178082 0.39726 1.15068 0.849315 0.39726
0.821918 0.465753 0.164384 0.0136986 0.164384 0.438356
0.493151 1.26027 0.205479 0.60274 1.12329 0.821918
0.0821918 0.136986 0.986301 0.30137 0.849315 0.849315
0.945205 1.34247 0.0410959 0.465753 0.219178 0.835616
0.287671 0.342466 0.0273973 0.328767 1.27397 0.616438
1.12329 0.246575 0.0273973 1.08219 0.69863 1
1.27397 0.780822 1.0274 0.712329 1.05479 0.369863
0.136986 0.835616 1.27397 1.08219 1.0137 0.917808
0.0821918 0.616438 1.28767 0.917808 0.931507 0.863014
0.0273973 0.739726 0.109589 0.438356 1.17808 0.671233
0.821918 0.712329 0.30137 0.0136986 0.260274 1
1.06849 0.958904 1.19178 1.19178 0.534247 1.17808
0 0.90411 1.21918 0.835616 0.383562 0.575342
1.16438 0.493151 1.10959 0.616438 0.671233 1.09589
1.31507 0.424658 1.12329 0.438356 1.20548 0.205479
0.958904 1.30137 0.0410959 0.726027 0.424658 0.657534
