1.27907 0.325581 1.11628 1.44186 1.81395 0.953488
0.744186 1.2093 2.18605 0.255814 0.395349 1.93023
1.93023 0.302326 1.4186 1.60465 1.02326 0.906977
1.7907 0.790698 0.790698 0.0465116 2.16279 0.55814
0.581395 0.651163 1.13953 2.13953 0.0697674 0.186047
1.02326 2.02326 1.46512 1.44186 0.534884 2.27907
2.09302 0.465116 0.139535 1.83721 0.744186 0.697674
1.69767 2.11628 0.953488 0.837209 0 2.16279
1.46512 2.23256 0.395349 1.30233 0.697674 1.88372
0.860465 1.30233 0.813953 2.09302 1.60465 0.813953
0.744186 1.25581 2.02326 1.4186 1.88372 2.30233
0.488372 1.7907 1.09302 1.25581 2.30233 0.837209
2.16279 0.162791 1.97674 0.27907 1.55814 0.372093
1.51163 1.23256 0.627907 1.37209 2.27907 2.18605
0.534884 0.162791 1.37209 0.44186 1.74419 0.302326
1.09302 1.5814 1.83721 1.93023 1.88372 2
1.18605 1.13953 1.95349 2.23256 1.65116 2.18605
0.534884 2.30233 0.209302 0.395349 1.27907 1.62791
1.13953 1.83721 1.44186 1.18605 0.139535 2.23256
1.30233 0.372093 1.18605 0.418605 0.255814 0.534884
2.27907 0 1.81395 1.86047 1.74419 1.23256
1.7907 0.697674 1.34884 0.953488 2 0.395349
2.16279 0.930233 1.44186 0.860465 2.13953 0.465116
0.697674 2 1.46512 1.04651 1.62791 2.30233
0.0465116 1.46512 2.06977 0.953488 2.2093 1.95349
1.7907 0.232558 2.02326 0.55814 0.0465116 2
1 0.395349 1.90698 0.488372 1.2093 0.27907
0.767442 1.51163 2.27907 0.883721 0.44186 0.232558
1.2093 0.395349 1.5814 0.604651 1.4186 0.116279
0.906977 2.18605 0.930233 2.30233 1.11628 0.465116
1.34884 1.83721 1.83721 1.60465 1.65116 1.48837
0.139535 0.27907 2.25581 0.0930233 0.372093 2.27907
1.83721 0 0.930233 1.93023 1.13953 1.51163
1.18605 0.302326 0.674419 1.95349 1.44186 0.674419
1.39535 0.790698 0.27907 0.0232558 0.27907 0.744186
0.837209 2.13953 0.348837 1.02326 1.90698 1.39535
0.139535 0.232558 1.67442 0.511628 1.44186 1.44186
1.60465 2.27907 0.0697674 0.790698 0.372093 1.4186
0.488372 0.581395 0.0465116 0.55814 2.16279 1.04651
1.90698 0.418605 0.0465116 1.83721 1.18605 1.69767
2.16279 1.32558 1.74419 1.2093 1.7907 0.627907
0.232558 1.4186 2.16279 1.83721 1.72093 1.55814
0.139535 1.04651 2.18605 1.55814 1.5814 1.46512
0.0465116 1.25581 0.186047 0.744186 2 1.13953
1.39535 1.2093 0.511628 0.0232558 0.44186 1.69767
1.81395 1.62791 2.02326 2.02326 0.906977 2
0 1.53488 2.06977 1.4186 0.651163 0.976744
1.97674 0.837209 1.88372 1.04651 1.13953 1.86047
2.23256 0.72093 1.90698 0.744186 2.04651 0.348837
1.62791 2.2093 0.0697674 1.23256 0.72093 1.11628
