0.916667 0.233333 0.8 1.03333 1.3 0.683333
0.533333 0.866667 1.56667 0.183333 0.283333 1.38333
1.38333 0.216667 1.01667 1.15 0.733333 0.65
1.28333 0.566667 0.566667 0.0333333 1.55 0.4
0.416667 0.466667 0.816667 1.53333 0.05 0.133333
0.733333 1.45 1.05 1.03333 0.383333 1.63333
1.5 0.333333 0.1 1.31667 0.533333 0.5
1.21667 1.51667 0.683333 0.6 0 1.55
1.05 1.6 0.283333 0.933333 0.5 1.35
0.616667 0.933333 0.583333 1.5 1.15 0.583333
0.533333 0.9 1.45 1.01667 1.35 1.65
0.35 1.28333 0.783333 0.9 1.65 0.6
1.55 0.116667 1.41667 0.2 1.11667 0.266667
1.08333 0.883333 0.45 0.983333 1.63333 1.56667
0.383333 0.116667 0.983333 0.316667 1.25 0.216667
0.783333 1.13333 1.31667 1.38333 1.35 1.43333
0.85 0.816667 1.4 1.6 1.18333 1.56667
0.383333 1.65 0.15 0.283333 0.916667 1.16667
0.816667 1.31667 1.03333 0.85 0.1 1.6
0.933333 0.266667 0.85 0.3 0.183333 0.383333
1.63333 0 1.3 1.33333 1.25 0.883333
1.28333 0.5 0.966667 0.683333 1.43333 0.283333
1.55 0.666667 1.03333 0.616667 1.53333 0.333333
0.5 1.43333 1.05 0.75 1.16667 1.65
0.0333333 1.05 1.48333 0.683333 1.58333 1.4
1.28333 0.166667 1.45 0.4 0.0333333 1.43333
0.716667 0.283333 1.36667 0.35 0.866667 0.2
0.55 1.08333 1.63333 0.633333 0.316667 0.166667
0.866667 0.283333 1.13333 0.433333 1.01667 0.0833333
0.65 1.56667 0.666667 1.65 0.8 0.333333
0.966667 1.31667 1.31667 1.15 1.18333 1.06667
0.1 0.2 1.61667 0.0666667 0.266667 1.63333
1.31667 0 0.666667 1.38333 0.816667 1.08333
0.85 0.216667 0.483333 1.4 1.03333 0.483333
1 0.566667 0.2 0.0166667 0.2 0.533333
0.6 1.53333 0.25 0.733333 1.36667 1
0.1 0.166667 1.2 0.366667 1.03333 1.03333
1.15 1.63333 0.05 0.566667 0.266667 1.01667
0.35 0.416667 0.0333333 0.4 1.55 0.75
1.36667 0.3 0.0333333 1.31667 0.85 1.21667
1.55 0.95 1.25 0.866667 1.28333 0.45
0.166667 1.01667 1.55 1.31667 1.23333 1.11667
0.1 0.75 1.56667 1.11667 1.13333 1.05
0.0333333 0.9 0.133333 0.533333 1.43333 0.816667
1 0.866667 0.366667 0.0166667 0.316667 1.21667
1.3 1.16667 1.45 1.45 0.65 1.43333
0 1.1 1.48333 1.01667 0.466667 0.7
1.41667 0.6 1.35 0.75 0.816667 1.33333
1.6 0.516667 1.36667 0.533333 1.46667 0.25
1.16667 1.58333 0.05 0.883333 0.516667 0.8
