13.75 3.5 12 15.5 19.5 10.25
8 13 23.5 2.75 4.25 20.75
20.75 3.25 15.25 17.25 11 9.75
19.25 8.5 8.5 0.5 23.25 6
6.25 7 12.25 23 0.75 2
11 21.75 15.75 15.5 5.75 24.5
22.5 5 1.5 19.75 8 7.5
18.25 22.75 10.25 9 0 23.25
15.75 24 4.25 14 7.5 20.25
9.25 14 8.75 22.5 17.25 8.75
8 13.5 21.75 15.25 20.25 24.75
5.25 19.25 11.75 13.5 24.75 9
23.25 1.75 21.25 3 16.75 4
16.25 13.25 6.75 14.75 24.5 23.5
5.75 1.75 14.75 4.75 18.75 3.25
11.75 17 19.75 20.75 20.25 21.5
12.75 12.25 21 24 17.75 23.5
5.75 24.75 2.25 4.25 13.75 17.5
12.25 19.75 15.5 12.75 1.5 24
14 4 12.75 4.5 2.75 5.75
24.5 0 19.5 20 18.75 13.25
19.25 7.5 14.5 10.25 21.5 4.25
23.25 10 15.5 9.25 23 5
7.5 21.5 15.75 11.25 17.5 24.75
0.5 15.75 22.25 10.25 23.75 21
19.25 2.5 21.75 6 0.5 21.5
10.75 4.25 20.5 5.25 13 3
8.25 16.25 24.5 9.5 4.75 2.5
13 4.25 17 6.5 15.25 1.25
9.75 23.5 10 24.75 12 5
14.5 19.75 19.75 17.25 17.75 16
1.5 3 24.25 1 4 24.5
19.75 0 10 20.75 12.25 16.25
12.75 3.25 7.25 21 15.5 7.25
15 8.5 3 0.25 3 8
9 23 3.75 11 20.5 15
1.5 2.5 18 5.5 15.5 15.5
17.25 24.5 0.75 8.5 4 15.25
5.25 6.25 0.5 6 23.25 11.25
20.5 4.5 0.5 19.75 12.75 18.25
23.25 14.25 18.75 13 19.25 6.75
2.5 15.25 23.25 19.75 18.5 16.75
1.5 11.25 23.5 16.75 17 15.75
0.5 13.5 2 8 21.5 12.25
15 13 5.5 0.25 4.75 18.25
19.5 17.5 21.75 21.75 9.75 21.5
0 16.5 22.25 15.25 7 10.5
21.25 9 20.25 11.25 12.25 20
24 7.75 20.5 8 22 3.75
17.5 23.75 0.75 13.25 7.75 12
