1.41026 0.358974 1.23077 1.58974 2 1.05128
0.820513 1.33333 2.41026 0.282051 0.435897 2.12821
2.12821 0.333333 1.5641 1.76923 1.12821 1
1.97436 0.871795 0.871795 0.0512821 2.38462 0.615385
0.641026 0.717949 1.25641 2.35897 0.0769231 0.205128
1.12821 2.23077 1.61538 1.58974 0.589744 2.51282
2.30769 0.512821 0.153846 2.02564 0.820513 0.769231
1.87179 2.33333 1.05128 0.923077 0 2.38462
1.61538 2.46154 0.435897 1.4359 0.769231 2.07692
0.948718 1.4359 0.897436 2.30769 1.76923 0.897436
0.820513 1.38462 2.23077 1.5641 2.07692 2.53846
0.538462 1.97436 1.20513 1.38462 2.53846 0.923077
2.38462 0.179487 2.17949 0.307692 1.71795 0.410256
1.66667 1.35897 0.692308 1.51282 2.51282 2.41026
0.589744 0.179487 1.51282 0.487179 1.92308 0.333333
1.20513 1.74359 2.02564 2.12821 2.07692 2.20513
1.30769 1.25641 2.15385 2.46154 1.82051 2.41026
0.589744 2.53846 0.230769 0.435897 1.41026 1.79487
1.25641 2.02564 1.58974 1.30769 0.153846 2.46154
1.4359 0.410256 1.30769 0.461538 0.282051 0.589744
2.51282 0 2 2.05128 1.92308 1.35897
1.97436 0.769231 1.48718 1.05128 2.20513 0.435897
2.38462 1.02564 1.58974 0.948718 2.35897 0.512821
0.769231 2.20513 1.61538 1.15385 1.79487 2.53846
0.0512821 1.61538 2.28205 1.05128 2.4359 2.15385
1.97436 0.25641 2.23077 0.615385 0.0512821 2.20513
1.10256 0.435897 2.10256 0.538462 1.33333 0.307692
0.846154 1.66667 2.51282 0.974359 0.487179 0.25641
1.33333 0.435897 1.74359 0.666667 1.5641 0.128205
1 2.41026 1.02564 2.53846 1.23077 0.512821
1.48718 2.02564 2.02564 1.76923 1.82051 1.64103
0.153846 0.307692 2.48718 0.102564 0.410256 2.51282
2.02564 0 1.02564 2.12821 1.25641 1.66667
1.30769 0.333333 0.74359 2.15385 1.58974 0.74359
1.53846 0.871795 0.307692 0.025641 0.307692 0.820513
0.923077 2.35897 0.384615 1.12821 2.10256 1.53846
0.153846 0.25641 1.84615 0.564103 1.58974 1.58974
1.76923 2.51282 0.0769231 0.871795 0.410256 1.5641
0.538462 0.641026 0.0512821 0.615385 2.38462 1.15385
2.10256 0.461538 0.0512821 2.02564 1.30769 1.87179
2.38462 1.46154 1.92308 1.33333 1.97436 0.692308
0.25641 1.5641 2.38462 2.02564 1.89744 1.71795
0.153846 1.15385 2.41026 1.71795 1.74359 1.61538
0.0512821 1.38462 0.205128 0.820513 2.20513 1.25641
1.53846 1.33333 0.564103 0.025641 0.487179 1.87179
2 1.79487 2.23077 2.23077 1 2.20513
0 1.69231 2.28205 1.5641 0.717949 1.07692
2.17949 0.923077 2.07692 1.15385 1.25641 2.05128
2.46154 0.794872 2.10256 0.820513 2.25641 0.384615
1.79487 2.4359 0.0769231 1.35897 0.794872 1.23077
