0.774648 0.197183 0.676056 0.873239 1.09859 0.577465
0.450704 0.732394 1.32394 0.15493 0.239437 1.16901
1.16901 0.183099 0.859155 0.971831 0.619718 0.549296
1.08451 0.478873 0.478873 0.028169 1.30986 0.338028
0.352113 0.394366 0.690141 1.29577 0.0422535 0.112676
0.619718 1.22535 0.887324 0.873239 0.323944 1.38028
1.26761 0.28169 0.084507 1.11268 0.450704 0.422535
1.02817 1.28169 0.577465 0.507042 0 1.30986
0.887324 1.35211 0.239437 0.788732 0.422535 1.14085
0.521127 0.788732 0.492958 1.26761 0.971831 0.492958
0.450704 0.760563 1.22535 0.859155 1.14085 1.39437
0.295775 1.08451 0.661972 0.760563 1.39437 0.507042
1.30986 0.0985915 1.19718 0.169014 0.943662 0.225352
0.915493 0.746479 0.380282 0.830986 1.38028 1.32394
0.323944 0.0985915 0.830986 0.267606 1.05634 0.183099
0.661972 0.957746 1.11268 1.16901 1.14085 1.21127
0.71831 0.690141 1.1831 1.35211 1 1.32394
0.323944 1.39437 0.126761 0.239437 0.774648 0.985915
0.690141 1.11268 0.873239 0.71831 0.084507 1.35211
0.788732 0.225352 0.71831 0.253521 0.15493 0.323944
1.38028 0 1.09859 1.12676 1.05634 0.746479
1.08451 0.422535 0.816901 0.577465 1.21127 0.239437
1.30986 0.56338 0.873239 0.521127 1.29577 0.28169
0.422535 1.21127 0.887324 0.633803 0.985915 1.39437
0.028169 0.887324 1.25352 0.577465 1.33803 1.1831
1.08451 0.140845 1.22535 0.338028 0.028169 1.21127
0.605634 0.239437 1.15493 0.295775 0.732394 0.169014
0.464789 0.915493 1.38028 0.535211 0.267606 0.140845
0.732394 0.239437 0.957746 0.366197 0.859155 0.0704225
0.549296 1.32394 0.56338 1.39437 0.676056 0.28169
0.816901 1.11268 1.11268 0.971831 1 0.901408
0.084507 0.169014 1.3662 0.056338 0.225352 1.38028
1.11268 0 0.56338 1.16901 0.690141 0.915493
0.71831 0.183099 0.408451 1.1831 0.873239 0.408451
0.84507 0.478873 0.169014 0.0140845 0.169014 0.450704
0.507042 1.29577 0.211268 0.619718 1.15493 0.84507
0.084507 0.140845 1.01408 0.309859 0.873239 0.873239
0.971831 1.38028 0.0422535 0.478873 0.225352 0.859155
0.295775 0.352113 0.028169 0.338028 1.30986 0.633803
1.15493 0.253521 0.028169 1.11268 0.71831 1.02817
1.30986 0.802817 1.05634 0.732394 1.08451 0.380282
0.140845 0.859155 1.30986 1.11268 1.04225 0.943662
0.084507 0.633803 1.32394 0.943662 0.957746 0.887324
0.028169 0.760563 0.112676 0.450704 1.21127 0.690141
0.84507 0.732394 0.309859 0.0140845 0.267606 1.02817
1.09859 0.985915 1.22535 1.22535 0.549296 1.21127
0 0.929577 1.25352 0.859155 0.394366 0.591549
1.19718 0.507042 1.14085 0.633803 0.690141 1.12676
1.35211 0.43662 1.15493 0.450704 1.23944 0.211268
0.985915 1.33803 0.0422535 0.746479 0.43662 0.676056
