1.96429 0.5 1.71429 2.21429 2.78571 1.46429
1.14286 1.85714 3.35714 0.392857 0.607143 2.96429
2.96429 0.464286 2.17857 2.46429 1.57143 1.39286
2.75 1.21429 1.21429 0.0714286 3.32143 0.857143
0.892857 1 1.75 3.28571 0.107143 0.285714
1.57143 3.10714 2.25 2.21429 0.821429 3.5
3.21429 0.714286 0.214286 2.82143 1.14286 1.07143
2.60714 3.25 1.46429 1.28571 0 3.32143
2.25 3.42857 0.607143 2 1.07143 2.89286
1.32143 2 1.25 3.21429 2.46429 1.25
1.14286 1.92857 3.10714 2.17857 2.89286 3.53571
0.75 2.75 1.67857 1.92857 3.53571 1.28571
3.32143 0.25 3.03571 0.428571 2.39286 0.571429
2.32143 1.89286 0.964286 2.10714 3.5 3.35714
0.821429 0.25 2.10714 0.678571 2.67857 0.464286
1.67857 2.42857 2.82143 2.96429 2.89286 3.07143
1.82143 1.75 3 3.42857 2.53571 3.35714
0.821429 3.53571 0.321429 0.607143 1.96429 2.5
1.75 2.82143 2.21429 1.82143 0.214286 3.42857
2 0.571429 1.82143 0.642857 0.392857 0.821429
3.5 0 2.78571 2.85714 2.67857 1.89286
2.75 1.07143 2.07143 1.46429 3.07143 0.607143
3.32143 1.42857 2.21429 1.32143 3.28571 0.714286
1.07143 3.07143 2.25 1.60714 2.5 3.53571
0.0714286 2.25 3.17857 1.46429 3.39286 3
2.75 0.357143 3.10714 0.857143 0.0714286 3.07143
1.53571 0.607143 2.92857 0.75 1.85714 0.428571
1.17857 2.32143 3.5 1.35714 0.678571 0.357143
1.85714 0.607143 2.42857 0.928571 2.17857 0.178571
1.39286 3.35714 1.42857 3.53571 1.71429 0.714286
2.07143 2.82143 2.82143 2.46429 2.53571 2.28571
0.214286 0.428571 3.46429 0.142857 0.571429 3.5
2.82143 0 1.42857 2.96429 1.75 2.32143
1.82143 0.464286 1.03571 3 2.21429 1.03571
2.14286 1.21429 0.428571 0.0357143 0.428571 1.14286
1.28571 3.28571 0.535714 1.57143 2.92857 2.14286
0.214286 0.357143 2.57143 0.785714 2.21429 2.21429
2.46429 3.5 0.107143 1.21429 0.571429 2.17857
0.75 0.892857 0.0714286 0.857143 3.32143 1.60714
2.92857 0.642857 0.0714286 2.82143 1.82143 2.60714
3.32143 2.03571 2.67857 1.85714 2.75 0.964286
0.357143 2.17857 3.32143 2.82143 2.64286 2.39286
0.214286 1.60714 3.35714 2.39286 2.42857 2.25
0.0714286 1.92857 0.285714 1.14286 3.07143 1.75
2.14286 1.85714 0.785714 0.0357143 0.678571 2.60714
2.78571 2.5 3.10714 3.10714 1.39286 3.07143
0 2.35714 3.17857 2.17857 1 1.5
3.03571 1.28571 2.89286 1.60714 1.75 2.85714
3.42857 1.10714 2.92857 1.14286 3.14286 0.535714
2.5 3.39286 0.107143 1.89286 1.10714 1.71429
