1.89655 0.482759 1.65517 2.13793 2.68966 1.41379
1.10345 1.7931 3.24138 0.37931 0.586207 2.86207
2.86207 0.448276 2.10345 2.37931 1.51724 1.34483
2.65517 1.17241 1.17241 0.0689655 3.2069 0.827586
0.862069 0.965517 1.68966 3.17241 0.103448 0.275862
1.51724 3 2.17241 2.13793 0.793103 3.37931
3.10345 0.689655 0.206897 2.72414 1.10345 1.03448
2.51724 3.13793 1.41379 1.24138 0 3.2069
2.17241 3.31034 0.586207 1.93103 1.03448 2.7931
1.27586 1.93103 1.2069 3.10345 2.37931 1.2069
1.10345 1.86207 3 2.10345 2.7931 3.41379
0.724138 2.65517 1.62069 1.86207 3.41379 1.24138
3.2069 0.241379 2.93103 0.413793 2.31034 0.551724
2.24138 1.82759 0.931034 2.03448 3.37931 3.24138
0.793103 0.241379 2.03448 0.655172 2.58621 0.448276
1.62069 2.34483 2.72414 2.86207 2.7931 2.96552
1.75862 1.68966 2.89655 3.31034 2.44828 3.24138
0.793103 3.41379 0.310345 0.586207 1.89655 2.41379
1.68966 2.72414 2.13793 1.75862 0.206897 3.31034
1.93103 0.551724 1.75862 0.62069 0.37931 0.793103
3.37931 0 2.68966 2.75862 2.58621 1.82759
2.65517 1.03448 2 1.41379 2.96552 0.586207
3.2069 1.37931 2.13793 1.27586 3.17241 0.689655
1.03448 2.96552 2.17241 1.55172 2.41379 3.41379
0.0689655 2.17241 3.06897 1.41379 3.27586 2.89655
2.65517 0.344828 3 0.827586 0.0689655 2.96552
1.48276 0.586207 2.82759 0.724138 1.7931 0.413793
1.13793 2.24138 3.37931 1.31034 0.655172 0.344828
1.7931 0.586207 2.34483 0.896552 2.10345 0.172414
1.34483 3.24138 1.37931 3.41379 1.65517 0.689655
2 2.72414 2.72414 2.37931 2.44828 2.2069
0.206897 0.413793 3.34483 0.137931 0.551724 3.37931
2.72414 0 1.37931 2.86207 1.68966 2.24138
1.75862 0.448276 1 2.89655 2.13793 1
2.06897 1.17241 0.413793 0.0344828 0.413793 1.10345
1.24138 3.17241 0.517241 1.51724 2.82759 2.06897
0.206897 0.344828 2.48276 0.758621 2.13793 2.13793
2.37931 3.37931 0.103448 1.17241 0.551724 2.10345
0.724138 0.862069 0.0689655 0.827586 3.2069 1.55172
2.82759 0.62069 0.0689655 2.72414 1.75862 2.51724
3.2069 1.96552 2.58621 1.7931 2.65517 0.931034
0.344828 2.10345 3.2069 2.72414 2.55172 2.31034
0.206897 1.55172 3.24138 2.31034 2.34483 2.17241
0.0689655 1.86207 0.275862 1.10345 2.96552 1.68966
2.06897 1.7931 0.758621 0.0344828 0.655172 2.51724
2.68966 2.41379 3 3 1.34483 2.96552
0 2.27586 3.06897 2.10345 0.965517 1.44828
2.93103 1.24138 2.7931 1.55172 1.68966 2.75862
3.31034 1.06897 2.82759 1.10345 3.03448 0.517241
2.41379 3.27586 0.103448 1.82759 1.06897 1.65517
