1.61765 0.411765 1.41176 1.82353 2.29412 1.20588
0.941176 1.52941 2.76471 0.323529 0.5 2.44118
2.44118 0.382353 1.79412 2.02941 1.29412 1.14706
2.26471 1 1 0.0588235 2.73529 0.705882
0.735294 0.823529 1.44118 2.70588 0.0882353 0.235294
1.29412 2.55882 1.85294 1.82353 0.676471 2.88235
2.64706 0.588235 0.176471 2.32353 0.941176 0.882353
2.14706 2.67647 1.20588 1.05882 0 2.73529
1.85294 2.82353 0.5 1.64706 0.882353 2.38235
1.08824 1.64706 1.02941 2.64706 2.02941 1.02941
0.941176 1.58824 2.55882 1.79412 2.38235 2.91176
0.617647 2.26471 1.38235 1.58824 2.91176 1.05882
2.73529 0.205882 2.5 0.352941 1.97059 0.470588
1.91176 1.55882 0.794118 1.73529 2.88235 2.76471
0.676471 0.205882 1.73529 0.558824 2.20588 0.382353
1.38235 2 2.32353 2.44118 2.38235 2.52941
1.5 1.44118 2.47059 2.82353 2.08824 2.76471
0.676471 2.91176 0.264706 0.5 1.61765 2.05882
1.44118 2.32353 1.82353 1.5 0.176471 2.82353
1.64706 0.470588 1.5 0.529412 0.323529 0.676471
2.88235 0 2.29412 2.35294 2.20588 1.55882
2.26471 0.882353 1.70588 1.20588 2.52941 0.5
2.73529 1.17647 1.82353 1.08824 2.70588 0.588235
0.882353 2.52941 1.85294 1.32353 2.05882 2.91176
0.0588235 1.85294 2.61765 1.20588 2.79412 2.47059
2.26471 0.294118 2.55882 0.705882 0.0588235 2.52941
1.26471 0.5 2.41176 0.617647 1.52941 0.352941
0.970588 1.91176 2.88235 1.11765 0.558824 0.294118
1.52941 0.5 2 0.764706 1.79412 0.147059
1.14706 2.76471 1.17647 2.91176 1.41176 0.588235
1.70588 2.32353 2.32353 2.02941 2.08824 1.88235
0.176471 0.352941 2.85294 0.117647 0.470588 2.88235
2.32353 0 1.17647 2.44118 1.44118 1.91176
1.5 0.382353 0.852941 2.47059 1.82353 0.852941
1.76471 1 0.352941 0.0294118 0.352941 0.941176
1.05882 2.70588 0.441176 1.29412 2.41176 1.76471
0.176471 0.294118 2.11765 0.647059 1.82353 1.82353
2.02941 2.88235 0.0882353 1 0.470588 1.79412
0.617647 0.735294 0.0588235 0.705882 2.73529 1.32353
2.41176 0.529412 0.0588235 2.32353 1.5 2.14706
2.73529 1.67647 2.20588 1.52941 2.26471 0.794118
0.294118 1.79412 2.73529 2.32353 2.17647 1.97059
0.176471 1.32353 2.76471 1.97059 2 1.85294
0.0588235 1.58824 0.235294 0.941176 2.52941 1.44118
1.76471 1.52941 0.647059 0.0294118 0.558824 2.14706
2.29412 2.05882 2.55882 2.55882 1.14706 2.52941
0 1.94118 2.61765 1.79412 0.823529 1.23529
2.5 1.05882 2.38235 1.32353 1.44118 2.35294
2.82353 0.911765 2.41176 0.941176 2.58824 0.441176
2.05882 2.79412 0.0882353 1.55882 0.911765 1.41176
