1.71875 0.4375 1.5 1.9375 2.4375 1.28125
1 1.625 2.9375 0.34375 0.53125 2.59375
2.59375 0.40625 1.90625 2.15625 1.375 1.21875
2.40625 1.0625 1.0625 0.0625 2.90625 0.75
0.78125 0.875 1.53125 2.875 0.09375 0.25
1.375 2.71875 1.96875 1.9375 0.71875 3.0625
2.8125 0.625 0.1875 2.46875 1 0.9375
2.28125 2.84375 1.28125 1.125 0 2.90625
1.96875 3 0.53125 1.75 0.9375 2.53125
1.15625 1.75 1.09375 2.8125 2.15625 1.09375
1 1.6875 2.71875 1.90625 2.53125 3.09375
0.65625 2.40625 1.46875 1.6875 3.09375 1.125
2.90625 0.21875 2.65625 0.375 2.09375 0.5
2.03125 1.65625 0.84375 1.84375 3.0625 2.9375
0.71875 0.21875 1.84375 0.59375 2.34375 0.40625
1.46875 2.125 2.46875 2.59375 2.53125 2.6875
1.59375 1.53125 2.625 3 2.21875 2.9375
0.71875 3.09375 0.28125 0.53125 1.71875 2.1875
1.53125 2.46875 1.9375 1.59375 0.1875 3
1.75 0.5 1.59375 0.5625 0.34375 0.71875
3.0625 0 2.4375 2.5 2.34375 1.65625
2.40625 0.9375 1.8125 1.28125 2.6875 0.53125
2.90625 1.25 1.9375 1.15625 2.875 0.625
0.9375 2.6875 1.96875 1.40625 2.1875 3.09375
0.0625 1.96875 2.78125 1.28125 2.96875 2.625
2.40625 0.3125 2.71875 0.75 0.0625 2.6875
1.34375 0.53125 2.5625 0.65625 1.625 0.375
1.03125 2.03125 3.0625 1.1875 0.59375 0.3125
1.625 0.53125 2.125 0.8125 1.90625 0.15625
1.21875 2.9375 1.25 3.09375 1.5 0.625
1.8125 2.46875 2.46875 2.15625 2.21875 2
0.1875 0.375 3.03125 0.125 0.5 3.0625
2.46875 0 1.25 2.59375 1.53125 2.03125
1.59375 0.40625 0.90625 2.625 1.9375 0.90625
1.875 1.0625 0.375 0.03125 0.375 1
1.125 2.875 0.46875 1.375 2.5625 1.875
0.1875 0.3125 2.25 0.6875 1.9375 1.9375
2.15625 3.0625 0.09375 1.0625 0.5 1.90625
0.65625 0.78125 0.0625 0.75 2.90625 1.40625
2.5625 0.5625 0.0625 2.46875 1.59375 2.28125
2.90625 1.78125 2.34375 1.625 2.40625 0.84375
0.3125 1.90625 2.90625 2.46875 2.3125 2.09375
0.1875 1.40625 2.9375 2.09375 2.125 1.96875
0.0625 1.6875 0.25 1 2.6875 1.53125
1.875 1.625 0.6875 0.03125 0.59375 2.28125
2.4375 2.1875 2.71875 2.71875 1.21875 2.6875
0 2.0625 2.78125 1.90625 0.875 1.3125
2.65625 1.125 2.53125 1.40625 1.53125 2.5
3 0.96875 2.5625 1 2.75 0.46875
2.1875 2.96875 0.09375 1.65625 0.96875 1.5
