3.66667 0.933333 3.2 4.13333 5.2 2.73333
2.13333 3.46667 6.26667 0.733333 1.13333 5.53333
5.53333 0.866667 4.06667 4.6 2.93333 2.6
5.13333 2.26667 2.26667 0.133333 6.2 1.6
1.66667 1.86667 3.26667 6.13333 0.2 0.533333
2.93333 5.8 4.2 4.13333 1.53333 6.53333
6 1.33333 0.4 5.26667 2.13333 2
4.86667 6.06667 2.73333 2.4 0 6.2
4.2 6.4 1.13333 3.73333 2 5.4
2.46667 3.73333 2.33333 6 4.6 2.33333
2.13333 3.6 5.8 4.06667 5.4 6.6
1.4 5.13333 3.13333 3.6 6.6 2.4
6.2 0.466667 5.66667 0.8 4.46667 1.06667
4.33333 3.53333 1.8 3.93333 6.53333 6.26667
1.53333 0.466667 3.93333 1.26667 5 0.866667
3.13333 4.53333 5.26667 5.53333 5.4 5.73333
3.4 3.26667 5.6 6.4 4.73333 6.26667
1.53333 6.6 0.6 1.13333 3.66667 4.66667
3.26667 5.26667 4.13333 3.4 0.4 6.4
3.73333 1.06667 3.4 1.2 0.733333 1.53333
6.53333 0 5.2 5.33333 5 3.53333
5.13333 2 3.86667 2.73333 5.73333 1.13333
6.2 2.66667 4.13333 2.46667 6.13333 1.33333
2 5.73333 4.2 3 4.66667 6.6
0.133333 4.2 5.93333 2.73333 6.33333 5.6
5.13333 0.666667 5.8 1.6 0.133333 5.73333
2.86667 1.13333 5.46667 1.4 3.46667 0.8
2.2 4.33333 6.53333 2.53333 1.26667 0.666667
3.46667 1.13333 4.53333 1.73333 4.06667 0.333333
2.6 6.26667 2.66667 6.6 3.2 1.33333
3.86667 5.26667 5.26667 4.6 4.73333 4.26667
0.4 0.8 6.46667 0.266667 1.06667 6.53333
5.26667 0 2.66667 5.53333 3.26667 4.33333
3.4 0.866667 1.93333 5.6 4.13333 1.93333
4 2.26667 0.8 0.0666667 0.8 2.13333
2.4 6.13333 1 2.93333 5.46667 4
0.4 0.666667 4.8 1.46667 4.13333 4.13333
4.6 6.53333 0.2 2.26667 1.06667 4.06667
1.4 1.66667 0.133333 1.6 6.2 3
5.46667 1.2 0.133333 5.26667 3.4 4.86667
6.2 3.8 5 3.46667 5.13333 1.8
0.666667 4.06667 6.2 5.26667 4.93333 4.46667
0.4 3 6.26667 4.46667 4.53333 4.2
0.133333 3.6 0.533333 2.13333 5.73333 3.26667
4 3.46667 1.46667 0.0666667 1.26667 4.86667
5.2 4.66667 5.8 5.8 2.6 5.73333
0 4.4 5.93333 4.06667 1.86667 2.8
5.66667 2.4 5.4 3 3.26667 5.33333
6.4 2.06667 5.46667 2.13333 5.86667 1
4.66667 6.33333 0.2 3.53333 2.06667 3.2
