0.611111 0.155556 0.533333 0.688889 0.866667 0.455556
0.355556 0.577778 1.04444 0.122222 0.188889 0.922222
0.922222 0.144444 0.677778 0.766667 0.488889 0.433333
0.855556 0.377778 0.377778 0.0222222 1.03333 0.266667
0.277778 0.311111 0.544444 1.02222 0.0333333 0.0888889
0.488889 0.966667 0.7 0.688889 0.255556 1.08889
1 0.222222 0.0666667 0.877778 0.355556 0.333333
0.811111 1.01111 0.455556 0.4 0 1.03333
0.7 1.06667 0.188889 0.622222 0.333333 0.9
0.411111 0.622222 0.388889 1 0.766667 0.388889
0.355556 0.6 0.966667 0.677778 0.9 1.1
0.233333 0.855556 0.522222 0.6 1.1 0.4
1.03333 0.0777778 0.944444 0.133333 0.744444 0.177778
0.722222 0.588889 0.3 0.655556 1.08889 1.04444
0.255556 0.0777778 0.655556 0.211111 0.833333 0.144444
0.522222 0.755556 0.877778 0.922222 0.9 0.955556
0.566667 0.544444 0.933333 1.06667 0.788889 1.04444
0.255556 1.1 0.1 0.188889 0.611111 0.777778
0.544444 0.877778 0.688889 0.566667 0.0666667 1.06667
0.622222 0.177778 0.566667 0.2 0.122222 0.255556
1.08889 0 0.866667 0.888889 0.833333 0.588889
0.855556 0.333333 0.644444 0.455556 0.955556 0.188889
1.03333 0.444444 0.688889 0.411111 1.02222 0.222222
0.333333 0.955556 0.7 0.5 0.777778 1.1
0.0222222 0.7 0.988889 0.455556 1.05556 0.933333
0.855556 0.111111 0.966667 0.266667 0.0222222 0.955556
0.477778 0.188889 0.911111 0.233333 0.577778 0.133333
0.366667 0.722222 1.08889 0.422222 0.211111 0.111111
0.577778 0.188889 0.755556 0.288889 0.677778 0.0555556
0.433333 1.04444 0.444444 1.1 0.533333 0.222222
0.644444 0.877778 0.877778 0.766667 0.788889 0.711111
0.0666667 0.133333 1.07778 0.0444444 0.177778 1.08889
0.877778 0 0.444444 0.922222 0.544444 0.722222
0.566667 0.144444 0.322222 0.933333 0.688889 0.322222
0.666667 0.377778 0.133333 0.0111111 0.133333 0.355556
0.4 1.02222 0.166667 0.488889 0.911111 0.666667
0.0666667 0.111111 0.8 0.244444 0.688889 0.688889
0.766667 1.08889 0.0333333 0.377778 0.177778 0.677778
0.233333 0.277778 0.0222222 0.266667 1.03333 0.5
0.911111 0.2 0.0222222 0.877778 0.566667 0.811111
1.03333 0.633333 0.833333 0.577778 0.855556 0.3
0.111111 0.677778 1.03333 0.877778 0.822222 0.744444
0.0666667 0.5 1.04444 0.744444 0.755556 0.7
0.0222222 0.6 0.0888889 0.355556 0.955556 0.544444
0.666667 0.577778 0.244444 0.0111111 0.211111 0.811111
0.866667 0.777778 0.966667 0.966667 0.433333 0.955556
0 0.733333 0.988889 0.677778 0.311111 0.466667
0.944444 0.4 0.9 0.5 0.544444 0.888889
1.06667 0.344444 0.911111 0.355556 0.977778 0.166667
0.777778 1.05556 0.0333333 0.588889 0.344444 0.533333
