7.85714 2 6.85714 8.85714 11.1429 5.85714
4.57143 7.42857 13.4286 1.57143 2.42857 11.8571
11.8571 1.85714 8.71429 9.85714 6.28571 5.57143
11 4.85714 4.85714 0.285714 13.2857 3.42857
3.57143 4 7 13.1429 0.428571 1.14286
6.28571 12.4286 9 8.85714 3.28571 14
12.8571 2.85714 0.857143 11.2857 4.57143 4.28571
10.4286 13 5.85714 5.14286 0 13.2857
9 13.7143 2.42857 8 4.28571 11.5714
5.28571 8 5 12.8571 9.85714 5
4.57143 7.71429 12.4286 8.71429 11.5714 14.1429
3 11 6.71429 7.71429 14.1429 5.14286
13.2857 1 12.1429 1.71429 9.57143 2.28571
9.28571 7.57143 3.85714 8.42857 14 13.4286
3.28571 1 8.42857 2.71429 10.7143 1.85714
6.71429 9.71429 11.2857 11.8571 11.5714 12.2857
7.28571 7 12 13.7143 10.1429 13.4286
3.28571 14.1429 1.28571 2.42857 7.85714 10
7 11.2857 8.85714 7.28571 0.857143 13.7143
8 2.28571 7.28571 2.57143 1.57143 3.28571
14 0 11.1429 11.4286 10.7143 7.57143
11 4.28571 8.28571 5.85714 12.2857 2.42857
13.2857 5.71429 8.85714 5.28571 13.1429 2.85714
4.28571 12.2857 9 6.42857 10 14.1429
0.285714 9 12.7143 5.85714 13.5714 12
11 1.42857 12.4286 3.42857 0.285714 12.2857
6.14286 2.42857 11.7143 3 7.42857 1.71429
4.71429 9.28571 14 5.42857 2.71429 1.42857
7.42857 2.42857 9.71429 3.71429 8.71429 0.714286
5.57143 13.4286 5.71429 14.1429 6.85714 2.85714
8.28571 11.2857 11.2857 9.85714 10.1429 9.14286
0.857143 1.71429 13.8571 0.571429 2.28571 14
11.2857 0 5.71429 11.8571 7 9.28571
7.28571 1.85714 4.14286 12 8.85714 4.14286
8.57143 4.85714 1.71429 0.142857 1.71429 4.57143
5.14286 13.1429 2.14286 6.28571 11.7143 8.57143
0.857143 1.42857 10.2857 3.14286 8.85714 8.85714
9.85714 14 0.428571 4.85714 2.28571 8.71429
3 3.57143 0.285714 3.42857 13.2857 6.42857
11.7143 2.57143 0.285714 11.2857 7.28571 10.4286
13.2857 8.14286 10.7143 7.42857 11 3.85714
1.42857 8.71429 13.2857 11.2857 10.5714 9.57143
0.857143 6.42857 13.4286 9.57143 9.71429 9
0.285714 7.71429 1.14286 4.57143 12.2857 7
8.57143 7.42857 3.14286 0.142857 2.71429 10.4286
11.1429 10 12.4286 12.4286 5.57143 12.2857
0 9.42857 12.7143 8.71429 4 6
12.1429 5.14286 11.5714 6.42857 7 11.4286
13.7143 4.42857 11.7143 4.57143 12.5714 2.14286
10 13.5714 0.428571 7.57143 4.42857 6.85714
