6.11111 1.55556 5.33333 6.88889 8.66667 4.55556
3.55556 5.77778 10.4444 1.22222 1.88889 9.22222
9.22222 1.44444 6.77778 7.66667 4.88889 4.33333
8.55556 3.77778 3.77778 0.222222 10.3333 2.66667
2.77778 3.11111 5.44444 10.2222 0.333333 0.888889
4.88889 9.66667 7 6.88889 2.55556 10.8889
10 2.22222 0.666667 8.77778 3.55556 3.33333
8.11111 10.1111 4.55556 4 0 10.3333
7 10.6667 1.88889 6.22222 3.33333 9
4.11111 6.22222 3.88889 10 7.66667 3.88889
3.55556 6 9.66667 6.77778 9 11
2.33333 8.55556 5.22222 6 11 4
10.3333 0.777778 9.44444 1.33333 7.44444 1.77778
7.22222 5.88889 3 6.55556 10.8889 10.4444
2.55556 0.777778 6.55556 2.11111 8.33333 1.44444
5.22222 7.55556 8.77778 9.22222 9 9.55556
5.66667 5.44444 9.33333 10.6667 7.88889 10.4444
2.55556 11 1 1.88889 6.11111 7.77778
5.44444 8.77778 6.88889 5.66667 0.666667 10.6667
6.22222 1.77778 5.66667 2 1.22222 2.55556
10.8889 0 8.66667 8.88889 8.33333 5.88889
8.55556 3.33333 6.44444 4.55556 9.55556 1.88889
10.3333 4.44444 6.88889 4.11111 10.2222 2.22222
3.33333 9.55556 7 5 7.77778 11
0.222222 7 9.88889 4.55556 10.5556 9.33333
8.55556 1.11111 9.66667 2.66667 0.222222 9.55556
4.77778 1.88889 9.11111 2.33333 5.77778 1.33333
3.66667 7.22222 10.8889 4.22222 2.11111 1.11111
5.77778 1.88889 7.55556 2.88889 6.77778 0.555556
4.33333 10.4444 4.44444 11 5.33333 2.22222
6.44444 8.77778 8.77778 7.66667 7.88889 7.11111
0.666667 1.33333 10.7778 0.444444 1.77778 10.8889
8.77778 0 4.44444 9.22222 5.44444 7.22222
5.66667 1.44444 3.22222 9.33333 6.88889 3.22222
6.66667 3.77778 1.33333 0.111111 1.33333 3.55556
4 10.2222 1.66667 4.88889 9.11111 6.66667
0.666667 1.11111 8 2.44444 6.88889 6.88889
7.66667 10.8889 0.333333 3.77778 1.77778 6.77778
2.33333 2.77778 0.222222 2.66667 10.3333 5
9.11111 2 0.222222 8.77778 5.66667 8.11111
10.3333 6.33333 8.33333 5.77778 8.55556 3
1.11111 6.77778 10.3333 8.77778 8.22222 7.44444
0.666667 5 10.4444 7.44444 7.55556 7
0.222222 6 0.888889 3.55556 9.55556 5.44444
6.66667 5.77778 2.44444 0.111111 2.11111 8.11111
8.66667 7.77778 9.66667 9.66667 4.33333 9.55556
0 7.33333 9.88889 6.77778 3.11111 4.66667
9.44444 4 9 5 5.44444 8.88889
10.6667 3.44444 9.11111 3.55556 9.77778 1.66667
7.77778 10.5556 0.333333 5.88889 3.44444 5.33333
